1 5 0.487654320987654 0.512345679012346 0.0246913580246914 16013110.8101266 15241394.6144578 316258938.5 49 25817056.2040816 1.6530612244898 1.75510204081633 3.30612244897959 1.57142857142857 0.775510204081633 0 0.816326530612245 -0.775510204081633 0.0816326530612245 0
 0.0253164556962025 0.89873417721519 0.0506329113924051 0.0253164556962025 0 0 0 0 0 0 0.0379746835443038 0 0 0.036144578313253 0.481927710843373 0 0.481927710843373 0 0 

1 5 2.48717948717949 2.66666666666667 0.230769230769231 165083.668145635 146551.919369787 35139882.1666667 16 80678300.8877551 6.3125 6.8125 2.4375 0.9375 2.875 0 3.0625 -2.5 0.375 0
 0.0309278350515464 0.11340206185567 0.0206185567010309 0.0206185567010309 0 0 0 0 0 0 0.0412371134020619 0 0 0.0384615384615385 0.0769230769230769 0 0.0865384615384615 0 0 

1 5 0.562691131498471 0.744648318042814 0.431192660550459 448.607793874008 300.94028618026 124609.539598109 203 6629133.32457022 1.49753694581281 1.02463054187192 3.22167487684729 0.00985221674876847 -0.167487684729064 0 0.25615763546798 0.699507389162562 0.0295566502463054 0
 0.730978260869565 0.00271739130434783 0 0.00271739130434783 0 0 0 0 0 0 1.02173913043478 0 0 0.772073921971253 0.0082135523613963 0 0.00616016427104723 0 0 

1 5 2.4702380952381 3.61904761904762 1.69642857142857 1.09303082861207 0.503191260164902 437.236981045996 88 14450737.5150519 4.46590909090909 3.38636363636364 1.90909090909091 0.511363636363636 2.68181818181818 0 1.89772727272727 3.38636363636364 0.0681818181818182 0
 0.00481927710843374 0.00481927710843374 0 0.103614457831325 0 0 0 0 0 0 0.00963855421686747 0 0 0.00657894736842105 0.00328947368421053 0 0.189144736842105 0 0 

1 5 2.19444444444444 3.54166666666667 1.34259259259259 0.0128544954190128 0.00719371406557504 1.52495510705516 115 11125969.6566526 4.41739130434783 3.60869565217391 1.87826086956522 0.469565217391304 2.03478260869565 0 2.8 4 0.0521739130434783 0
 0.0105485232067511 0.00210970464135021 0 0.111814345991561 0 0 0 0 0 0 0.00210970464135021 0 0 0.00130718954248366 0.00130718954248366 0 0.201307189542484 0.00130718954248366 0 

1 5 8.20338983050847 13.7966101694915 5.01694915254237 0.0124232530897087 0.00492284240057196 0.0288005240103215 27 47265249.9502464 19.8148148148148 16.4444444444444 2.18518518518519 0.148148148148148 8.88888888888889 0 13.2222222222222 16.4814814814815 0.333333333333333 0
 0.012396694214876 0 0.00619834710743802 0.00206611570247934 0 0 0 0 0 0 0.0247933884297521 0 0 0.0147420147420147 0.00245700245700246 0 0.042997542997543 0 0 

1 5 5.25 9.27083333333333 3.27083333333333 0.00796115724819387 0.00674710431730401 0.0160152882930265 49 26781653.7336785 11.9591836734694 10.1224489795918 1.95918367346939 0.183673469387755 4.87755102040816 0 8.51020408163265 10.1836734693878 0.244897959183673 0
 0.0218253968253968 0 0.00595238095238095 0.0119047619047619 0 0 0 0 0 0 0.00992063492063492 0 0 0.00561797752808989 0.0123595505617978 0 0.0674157303370786 0 0 

1 5 2.95505617977528 5.87640449438202 1.87640449438202 0.00952083870199276 0.00478656510928997 0.0150180098451887 84 15378779.0682581 8.01190476190476 7 2.11904761904762 0.0714285714285714 2.91666666666667 0 6.55952380952381 7.55952380952381 0.142857142857143 0
 0.0304182509505703 0.00190114068441065 0 0.00950570342205323 0 0 0 0 0 0 0.032319391634981 0 0 0.0162523900573614 0.00478011472275335 0 0.12810707456979 0 0 

1 5 4.76785714285714 10.2678571428571 3.09821428571429 0.0093811251661086 0.00435198831748634 0.0144525014692945 80 16005182.1508532 9.4125 8.35 1.4 0.0625 3.225 0 8.0625 8.8875 0.15 0
 0.00561797752808989 0 0 0.00936329588014981 0 0 0 0 0 0 0 0 0 0 0.00869565217391304 0 0.0747826086956522 0.00695652173913044 0 

