1 5 0.422297297297297 0.773648648648649 0.405405405405405 18400.5587927273 1162.5212486951 26029.5838065844 97 14223946.6630509 1.27835051546392 0.917525773195876 3.05154639175258 0.0515463917525773 0.103092783505155 0 0.0515463917525773 0.896907216494845 0.0412371134020619 0 0.76 0 0 0.04 0 0 0 0 0 0 1.48 0 0 0.807860262008734 0.0436681222707424 0 0.00436681222707424 0 0 
1 5 0.63681592039801 1.24378109452736 0.569651741293532 71.8928077840909 2.3370424973902 113.683772081154 151 8471917.15008643 1.82781456953642 1.29139072847682 2.66225165562914 0.172185430463576 0.682119205298013 0 0.450331125827815 1.77483443708609 0.0264900662251656 0 0.41015625 0 0 0.1015625 0 0 0 0 0 0 0.796875 0 0 0.408 0.008 0 0.126 0 0 
1 5 1.01869158878505 2.33644859813084 0.797507788161994 0.23514620117459 0.0097827233298536 0.463608484692009 131 9721431.03931364 3.12213740458015 2.51145038167939 2.45038167938931 0.396946564885496 1.56488549618321 0 2.12977099236641 3.83969465648855 0.0458015267175573 0 0.0581039755351682 0 0.00611620795107034 0.152905198776758 0 0 0 0 0 0 0.0886850152905199 0 0 0.0386666666666667 0.0133333333333333 0 0.281333333333333 0 0 
1 5 1.37593984962406 3.67293233082707 0.996240601503759 0.0143036781452858 0.00512772028999985 0.0206173905082717 133 9584638.9777392 4.07518796992481 3.4812030075188 2 0.255639097744361 1.66165413533835 0 3.72932330827068 5.24812030075188 0.0601503759398496 0 0.0136612021857923 0 0.00546448087431694 0.087431693989071 0 0 0 0 0 0 0.0109289617486339 0 0 0.00409416581371546 0.00614124872057318 0 0.222108495394063 0 0 
1 5 2.41666666666667 7.19230769230769 1.74358974358974 0.0133005402603323 0.00446089814642602 0.0184581521709863 102 12496276.4409582 6.32352941176471 5.55882352941176 1.52941176470588 0.0392156862745098 2.17647058823529 0 6.2156862745098 7.8921568627451 0.0980392156862745 0 0.0185676392572944 0 0.00530503978779841 0.00530503978779841 0 0 0 0 0 0 0.013262599469496 0 0 0.00445632798573975 0.0017825311942959 0 0.122994652406417 0 0
1 5 2.86861313868613 9.07299270072993 2.1021897810219 0.01021196066224 0.00402611496230606 0.0174252019172604 98 13036039.177969 7.60204081632653 6.8265306122449 1.39795918367347 0.0714285714285714 2.30612244897959 0 7.53061224489796 9.23469387755102 0.122448979591837 0 0.0229007633587786 0 0.00508905852417303 0.0127226463104326 0 0 0 0 0 0 0.0203562340966921 0 0 0.00643604183427192 0.00724054706355591 0 0.083668543845535 0 0 
1 5 4.29591836734694 13.3979591836735 3.04081632653061 0.0166513348234257 0.00304952484003222 0.0201927020198566 59 21662230.6301351 13.7796610169492 12.5084745762712 1.66101694915254 0.389830508474576 4.06779661016949 0 13.4406779661017 15.8813559322034 0.203389830508475 0 0.0118764845605701 0.0451306413301663 0 0.00950118764845606 0 0 0 0 0 0 0.00237529691211401 0 0 0.000761614623000762 0.0106626047220107 0 0.0418888042650419 0 0 
1 5 2.72826086956522 7.69565217391304 1.66847826086957 0.0099933293522379 0.00353322706556499 0.0130950902345924 59 21808437.3666125 15.3559322033898 14.1525423728814 3.11864406779661 1.30508474576271 4.77966101694915 0 14.271186440678 15.3559322033898 0.271186440677966 0 0.00796812749003984 0.141434262948207 0.00796812749003984 0.00398406374501992 0 0 0 0 0 0 0.0199203187250996 0 0 0.00706214689265537 0.0310734463276836 0 0.0338983050847458 0.000706214689265537 0 
1 5 12.093023255814 33.5116279069767 7.32558139534884 0.00963460255644661 0.00347226455729741 0.00956538123883998 18 71491334.2425896 51.6111111111111 47.7222222222222 2.38888888888889 0.888888888888889 16.1666666666667 0 47.2222222222222 50.0555555555556 1.05555555555556 0 0.00384615384615385 0.0173076923076923 0.00576923076923077 0.00769230769230769 0 0 0 0 0 0 0.00769230769230769 0 0 0.00277585010409438 0.00902151283830673 0 0.00555170020818876 0 0 
1 5 27.7894736842105 76.4210526315789 16.7894736842105 0.00570006553514479 0.00413462277173368 0.0219735591888365 10 133652691.624259 93.9 87 1.9 0.6 29.2 0 85.6 90.1 2.1 0 0.00378787878787879 0 0.00378787878787879 0.00757575757575758 0 0 0 0 0 0 0 0 0 0 0.0034435261707989 0 0.0034435261707989 0.00068870523415978 0 
