2 5 0.96078431372549 1.3921568627451 0.637254901960784 699.022768561616 254.629808141257 9849.38127530364 34 39492087.0349827 2.64705882352941 3.41176470588235 3 0.588235294117647 0.823529411764706 0.0294117647058824 1.14705882352941 2.44117647058824 0 0 0.214285714285714 0 0 0.193877551020408 0.0102040816326531 0 0 0 0 0 0.387755102040816 0 0 0.267605633802817 0.0492957746478873 0 0.105633802816901 0.00704225352112676 0 
2 5 2.70454545454545 3.75 1.68181818181818 5.91615771900517 1.57351398873489 133.153801017617 17 76737327.1785284 6.29411764705882 7.82352941176471 2.58823529411765 1.23529411764706 2.88235294117647 0 2.52941176470588 2.94117647058824 0.588235294117647 0 0 0 0.0840336134453782 0.092436974789916 0 0 0 0 0 0 0 0 0 0 0.115151515151515 0 0.0242424242424242 0 0 
2 5 1.49090909090909 2.09090909090909 1.01818181818182 0.0726594982866169 0.0242326695162387 1.24244465194301 35 38336565.8908151 4.14285714285714 5.31428571428571 3.14285714285714 0.342857142857143 1.28571428571429 0 1.42857142857143 2.42857142857143 0.285714285714286 0 0.201219512195122 0 0 0.0731707317073171 0 0 0 0 0 0 0.323170731707317 0 0 0.230434782608696 0.0217391304347826 0 0.0260869565217391 0.00434782608695652 0 
2 5 2.48192771084337 3.26506024096386 1.6144578313253 0.0246245606712943 0.0185396039465544 0.0465854078503209 31 42044485.5126069 5.7741935483871 7.19354838709677 2.67741935483871 0.903225806451613 2.35483870967742 0 1.96774193548387 2.58064516129032 0.612903225806452 0 0.0679611650485437 0 0.0436893203883495 0.0922330097087379 0 0 0 0 0 0 0.0631067961165049 0 0 0.0479704797047971 0.0627306273062731 0 0.040590405904059 0 0 
2 5 2.33333333333333 3.08333333333333 1.62037037037037 0.0159707323836162 0.018073692504344 0.0288376309020018 40 32677174.3378152 5.475 6.875 2.7 0.375 1.9 0 1.725 2.425 0.525 0 0.123015873015873 0 0.00793650793650794 0.0515873015873016 0 0 0 0 0 0 0.166666666666667 0 0 0.126126126126126 0.036036036036036 0 0.024024024024024 0 0 
2 5 7.13157894736842 9.26315789473684 4.94736842105263 0.0221991539940355 0.0114149820809782 0.0267491363345851 19 68301035.2283061 12.5263157894737 15.4736842105263 2 0.789473684210526 5.42105263157895 0 3.84210526315789 4.10526315789474 1.42105263157895 0 0.014760147601476 0 0.022140221402214 0.033210332103321 0 0 0 0 0 0 0 0 0 0 0.0426136363636364 0 0.0113636363636364 0 0 
2 5 3.85897435897436 5.12820512820513 2.65384615384615 0.0100405287508107 0.0150285374552024 0.0242838122528241 33 40404349.4917668 8.21212121212121 10.1515151515152 2.36363636363636 0.424242424242424 3.24242424242424 0 2.45454545454545 2.78787878787879 1 0 0.053156146179402 0 0.0199335548172757 0.026578073089701 0 0 0 0 0 0 0.102990033222591 0 0 0.0775 0.0225 0 0.02 0 0 
2 5 8.62162162162162 11.3243243243243 5.75675675675676 0.0219750486794696 0.00958240701063294 0.0188933512312339 20 65272342.7245883 14.55 17.75 1.85 0.75 6.1 0 4.55 5.3 1.8 0 0.00940438871473354 0 0.00940438871473354 0.0376175548589342 0 0 0 0 0 0 0.0125391849529781 0 0 0.00954653937947494 0.0119331742243437 0 0.0238663484486874 0 0 
2 5 3.73958333333333 4.94791666666667 2.54166666666667 0.0139887884364331 0.0105464892779171 0.0246675957017673 32 41572339.1163934 10.15625 12.4375 3 0.4375 3.78125 0 3.03125 3.65625 1.25 0 0.0724233983286908 0 0.011142061281337 0.0278551532033426 0 0 0 0 0 0 0.11142061281337 0 0 0.0842105263157895 0.0210526315789474 0 0.0126315789473684 0 0 
2 5 6.67241379310345 8.70689655172414 4.41379310344828 0.0103720640528073 0.0119020722559959 0.01962760779571 22 59391584.2325633 15.8181818181818 19.2727272727273 2.63636363636364 0.954545454545455 6.59090909090909 0 4.86363636363636 5.36363636363636 2.13636363636364 0 0.0180878552971576 0 0.0180878552971576 0.0361757105943152 0 0 0 0 0 0 0.020671834625323 0 0 0.0158415841584158 0.0237623762376238 0 0.0178217821782178 0.00198019801980198 0
2 5 11.3333333333333 14.4444444444444 7.41666666666667 0.0147313040785608 0.00771519629279999 0.0188001033999839 16 82777131.5145352 22.875 27.625 2.25 0.6875 9.125 0 7.25 8.0625 2.9375 0 0.0245098039215686 0 0 0.0269607843137255 0 0 0 0 0 0 0.0122549019607843 0 0 0.00961538461538462 0.00192307692307692 0 0.0153846153846154 0.00192307692307692 0 
2 5 7.5 9.5 4.91379310344828 0.0115281179404105 0.00908841233446969 0.0176098249242105 19 70937876.6586597 20.4210526315789 24.6842105263158 3.05263157894737 0.578947368421053 8.05263157894737 0 6.47368421052632 7.10526315789474 2.57894736842105 0 0.0367816091954023 0 0.00459770114942529 0.0206896551724138 0 0 0 0 0 0 0.0459770114942529 0 0 0.0362976406533575 0.00725952813067151 0 0.0127041742286751 0 0 
