0 5 0.61 0.39 0.54 20738332.9344262 32436879.7435897 23426635.3518519 36 35139953.0555556 1.19444444444444 1.33333333333333 2.77777777777778 0.388888888888889 -0.833333333333333 0 0.333333333333333 0.388888888888889 0 0
 0.770491803278688 0 0 0.229508196721311 0 0 0 0 0 0 0.327868852459016 0 0 0.512820512820513 0.179487179487179 0 0.307692307692308 0 0 

0 5 1.13333333333333 0.819047619047619 1.07619047619048 174271.74734812 377173.078413834 207315.410193379 42 30956625.4060847 2.07142857142857 2.30952380952381 2.5 0.214285714285714 -0.357142857142857 0 0.404761904761905 0.357142857142857 0 0
 0.411764705882353 0 0 0.0756302521008403 0 0 0 0 0 0 0.26890756302521 0 0 0.372093023255814 0.116279069767442 0 0.0581395348837209 0 0 

0 5 1.275 1.00625 1.19375 854.302683079017 2342.71477275673 1085.44717378733 62 20903144.2807433 2.51612903225806 2.74193548387097 2.58064516129032 0.32258064516129 0 0 0.532258064516129 0.645161290322581 0 0
 0.318627450980392 0 0 0.0980392156862745 0 0 0 0 0 0 0.225490196078431 0 0 0.285714285714286 0.0807453416149068 0 0.0993788819875776 0 0 

0 5 1.9448275862069 1.57241379310345 1.82758620689655 3.04717263503198 10.2969946173541 4.11489499542387 66 19483961.6557688 3.39393939393939 3.65151515151515 2.1969696969697 0.303030303030303 0.439393939393939 0 0.727272727272727 0.772727272727273 0 0
 0.205673758865248 0 0 0.0709219858156028 0 0 0 0 0 0 0.127659574468085 0 0 0.157894736842105 0.0701754385964912 0 0.0657894736842105 0 0 

0 5 2.48026315789474 1.875 2.15131578947368 0.0186927656101644 0.057182437253874 0.0248161926465562 65 19761881.4100888 4.56923076923077 5 2.33846153846154 0.584615384615385 0.861538461538462 0 1.26153846153846 0.692307692307692 0.0153846153846154 0
 0.151193633952255 0.0557029177718833 0.0026525198938992 0.0424403183023873 0 0 0 0 0 0 0.0318302387267905 0 0 0.0421052631578947 0.0385964912280702 0 0.112280701754386 0.00701754385964912 0 

0 5 2.27272727272727 1.73636363636364 1.83636363636364 0.0120373855312203 0.0106208964326018 0.014912911367937 97 13245363.0557741 4.14432989690722 4.8659793814433 2.2680412371134 0.649484536082474 1.07216494845361 0 1.34020618556701 0.288659793814433 0.0103092783505155 0
 0.12 0.088 0 0.038 0 0 0 0 0 0 0.042 0 0 0.0549738219895288 0.0732984293193717 0 0.120418848167539 0.00523560209424084 0 

0 5 2.82062780269058 2.13452914798206 2.24215246636771 0.00796826293407189 0.0105265144883038 0.0100298258227359 96 13315455.2401643 5.19791666666667 6.0625 2.32291666666667 0.46875 1.26041666666667 0 1.63541666666667 0.302083333333333 0.0833333333333333 0
 0.133545310015898 0.0302066772655008 0.0111287758346582 0.0302066772655008 0 0 0 0 0 0 0.0667726550079491 0 0 0.0882352941176471 0.0525210084033613 0 0.046218487394958 0.0105042016806723 0 

0 5 4.12849162011173 3.04469273743017 3.24022346368715 0.00677668235850348 0.00919362663208863 0.00863798245831506 82 15589680.4785386 7.1219512195122 8.20731707317073 2.18292682926829 0.475609756097561 1.90243902439024 0 2.29268292682927 0.317073170731707 0.170731707317073 0
 0.0960757780784844 0.0054127198917456 0.0081190798376184 0.0392422192151556 0 0 0 0 0 0 0.0230040595399188 0 0 0.0311926605504587 0.0385321100917431 0 0.0422018348623853 0.0146788990825688 0 

0 5 3.87671232876712 2.98630136986301 3.12785388127854 0.0058972634656755 0.00765931747191451 0.0073118802663625 88 14552591.2554379 7.68181818181818 8.81818181818182 2.48863636363636 0.261363636363636 2.09090909090909 0 2.38636363636364 0.386363636363636 0.159090909090909 0
 0.102473498233216 0.00588928150765607 0 0.0212014134275618 0 0 0 0 0 0 0.071849234393404 0 0 0.0932721712538226 0.0397553516819572 0 0.0229357798165138 0.0107033639143731 0 

0 5 4.25438596491228 3.33771929824561 3.42543859649123 0.00516071882831513 0.00658036704004194 0.00513100112710162 95 13469378.3711099 8.18947368421053 9.24210526315789 2.4 0.378947368421053 2.31578947368421 0 2.66315789473684 0.905263157894737 0.147368421052632 0
 0.0876288659793814 0 0 0.0371134020618557 0 0 0 0 0 0 0.054639175257732 0 0 0.0696452036793692 0.0144546649145861 0 0.0433639947437582 0.0131406044678055 0 
