0 5 0.61 0.39 0.54 20738332.9344262 32436879.7435897 23426635.3518519 36 35139953.0555556 1.19444444444444 1.33333333333333 2.77777777777778 0.388888888888889 -0.833333333333333 0 0.333333333333333 0.388888888888889 0 0
 0.770491803278688 0 0 0.229508196721311 0 0 0 0 0 0 0.327868852459016 0 0 0.512820512820513 0.179487179487179 0 0.307692307692308 0 0 

0 5 1.13333333333333 0.819047619047619 1.07619047619048 174271.74734812 377173.078413834 207315.410193379 42 30956625.4060847 2.07142857142857 2.30952380952381 2.5 0.214285714285714 -0.357142857142857 0 0.404761904761905 0.357142857142857 0 0
 0.411764705882353 0 0 0.0756302521008403 0 0 0 0 0 0 0.26890756302521 0 0 0.372093023255814 0.116279069767442 0 0.0581395348837209 0 0 

0 5 1.275 1.00625 1.19375 854.302683079017 2342.71477275673 1085.44717378733 62 20903144.2807433 2.51612903225806 2.74193548387097 2.58064516129032 0.32258064516129 0 0 0.532258064516129 0.645161290322581 0 0
 0.318627450980392 0 0 0.0980392156862745 0 0 0 0 0 0 0.225490196078431 0 0 0.285714285714286 0.0807453416149068 0 0.0993788819875776 0 0 

0 5 1.9448275862069 1.57241379310345 1.82758620689655 3.04717263503198 10.2969946173541 4.11489499542387 66 19483961.6557688 3.39393939393939 3.65151515151515 2.1969696969697 0.303030303030303 0.439393939393939 0 0.727272727272727 0.772727272727273 0 0
 0.205673758865248 0 0 0.0709219858156028 0 0 0 0 0 0 0.127659574468085 0 0 0.157894736842105 0.0701754385964912 0 0.0657894736842105 0 0 

0 5 2.48026315789474 1.875 2.15131578947368 0.0186927656101644 0.057182437253874 0.0248161926465562 65 19761881.4100888 4.56923076923077 5 2.33846153846154 0.584615384615385 0.861538461538462 0 1.26153846153846 0.692307692307692 0.0153846153846154 0
 0.151193633952255 0.0557029177718833 0.0026525198938992 0.0424403183023873 0 0 0 0 0 0 0.0318302387267905 0 0 0.0421052631578947 0.0385964912280702 0 0.112280701754386 0.00701754385964912 0 

0 5 2.27272727272727 1.73636363636364 1.83636363636364 0.0120373855312203 0.0106208964326018 0.014912911367937 97 13245363.0557741 4.14432989690722 4.8659793814433 2.2680412371134 0.649484536082474 1.07216494845361 0 1.34020618556701 0.288659793814433 0.0103092783505155 0
 0.12 0.088 0 0.038 0 0 0 0 0 0 0.042 0 0 0.0549738219895288 0.0732984293193717 0 0.120418848167539 0.00523560209424084 0 

0 5 2.82062780269058 2.13452914798206 2.24215246636771 0.00796826293407189 0.0105265144883038 0.0100298258227359 96 13315455.2401643 5.19791666666667 6.0625 2.32291666666667 0.46875 1.26041666666667 0 1.63541666666667 0.302083333333333 0.0833333333333333 0
 0.133545310015898 0.0302066772655008 0.0111287758346582 0.0302066772655008 0 0 0 0 0 0 0.0667726550079491 0 0 0.0882352941176471 0.0525210084033613 0 0.046218487394958 0.0105042016806723 0 

0 5 4.12849162011173 3.04469273743017 3.24022346368715 0.00677668235850348 0.00919362663208863 0.00863798245831506 82 15589680.4785386 7.1219512195122 8.20731707317073 2.18292682926829 0.475609756097561 1.90243902439024 0 2.29268292682927 0.317073170731707 0.170731707317073 0
 0.0960757780784844 0.0054127198917456 0.0081190798376184 0.0392422192151556 0 0 0 0 0 0 0.0230040595399188 0 0 0.0311926605504587 0.0385321100917431 0 0.0422018348623853 0.0146788990825688 0 

0 5 3.87671232876712 2.98630136986301 3.12785388127854 0.0058972634656755 0.00765931747191451 0.0073118802663625 88 14552591.2554379 7.68181818181818 8.81818181818182 2.48863636363636 0.261363636363636 2.09090909090909 0 2.38636363636364 0.386363636363636 0.159090909090909 0
 0.102473498233216 0.00588928150765607 0 0.0212014134275618 0 0 0 0 0 0 0.071849234393404 0 0 0.0932721712538226 0.0397553516819572 0 0.0229357798165138 0.0107033639143731 0 

0 5 4.25438596491228 3.33771929824561 3.42543859649123 0.00516071882831513 0.00658036704004194 0.00513100112710162 95 13469378.3711099 8.18947368421053 9.24210526315789 2.4 0.378947368421053 2.31578947368421 0 2.66315789473684 0.905263157894737 0.147368421052632 0
 0.0876288659793814 0 0 0.0371134020618557 0 0 0 0 0 0 0.054639175257732 0 0 0.0696452036793692 0.0144546649145861 0 0.0433639947437582 0.0131406044678055 0 

0 5 7.18918918918919 5.50675675675676 5.81756756756757 0.00470409841995142 0.00614304339514116 0.00697460046588514 67 19082205.0353897 12.6716417910448 14.089552238806 2.2089552238806 0.358208955223881 3.59701492537313 0 4.14925373134328 1.17910447761194 0.238805970149254 0
 0.0657894736842105 0 0.0018796992481203 0.0206766917293233 0 0 0 0 0 0 0.0178571428571429 0 0 0.0233128834355828 0.0122699386503067 0 0.0257668711656442 0.0049079754601227 0 

0 5 7.05454545454545 5.33333333333333 5.72121212121212 0.00429957396771473 0.00568879891294902 0.00530399851744267 76 16896323.2767814 12.1710526315789 13.3815789473684 2.17105263157895 0.355263157894737 3.43421052631579 0 4.02631578947368 1.30263157894737 0.25 0
 0.0627147766323024 0 0.00257731958762887 0.0206185567010309 0 0 0 0 0 0 0.0231958762886598 0 0 0.0306818181818182 0.0113636363636364 0 0.0272727272727273 0.00454545454545455 0 

0 5 6.83783783783784 5.21081081081081 5.54594594594595 0.00395596804266223 0.00519262323538688 0.00487846393617684 83 15444996.2924913 12.1807228915663 13.2771084337349 2.2289156626506 0.373493975903614 3.62650602409639 0 3.96385542168675 1.21686746987952 0.36144578313253 0
 0.0553359683794466 0 0.00869565217391304 0.0158102766798419 0 0 0 0 0 0 0.0347826086956522 0 0 0.045643153526971 0.0176348547717842 0 0.0145228215767635 0.00933609958506224 0 

0 5 6.6504854368932 5.16990291262136 5.35922330097087 0.0036525226044107 0.00469971138331961 0.00362760730429001 87 14718199.6585344 12.6666666666667 13.7816091954023 2.36781609195402 0.413793103448276 3.94252873563218 0 4.18390804597701 1.62068965517241 0.425287356321839 0
 0.0503649635036496 0 0.00510948905109489 0.0211678832116788 0 0 0 0 0 0 0.0357664233576642 0 0 0.0460093896713615 0.015962441314554 0 0.0291079812206573 0.00375586854460094 0 

0 5 9.31645569620253 7.09493670886076 7.42405063291139 0.00271987263763887 0.00535655638838833 0.00426566718440263 77 16620215.3072537 15.3246753246753 16.6103896103896 2.05194805194805 0.506493506493506 4.63636363636364 0 5.24675324675325 2.05194805194805 0.558441558441558 0
 0.0427989130434783 0 0.00407608695652174 0.0224184782608696 0 0 0 0 0 0 0.00679347826086957 0 0 0.00892060660124889 0.00535236396074933 0 0.0231935771632471 0.0124888492417484 0 

0 5 13.0252100840336 9.76470588235294 10.436974789916 0.0038727224984759 0.00344695056487813 0.00483435238903736 61 21010796.709955 20.3606557377049 21.9344262295082 1.95081967213115 0.245901639344262 5.98360655737705 0 6.88524590163934 2.26229508196721 0.754098360655738 0
 0.0406451612903226 0 0.00193548387096774 0.00774193548387097 0 0 0 0 0 0 0.00967741935483871 0 0 0.0129087779690189 0.00860585197934595 0 0.00688468158347676 0.00688468158347676 0 

0 5 7.71495327102804 5.95794392523364 6.08878504672897 0.00303081327831525 0.0039242721180901 0.00384100871250118 95 13537359.8601048 14.1473684210526 15.2631578947368 2.25263157894737 0.515789473684211 4.54736842105263 0 4.89473684210526 1.86315789473684 0.484210526315789 0
 0.031496062992126 0.0127195639006663 0 0.0169594185342217 0 0 0 0 0 0 0.0290732889158086 0 0 0.0376470588235294 0.0156862745098039 0 0.0235294117647059 0.0117647058823529 0 

0 5 4.68274111675127 3.74365482233503 3.54314720812183 0.00216966439744082 0.00407045713363938 0.00286808095179979 133 9613351.53278274 11.2932330827068 12.203007518797 2.96240601503759 0.864661654135338 3.70676691729323 0.157894736842105 3.99248120300752 1.37593984962406 0.368421052631579 0
 0.0428184281842818 0.035230352303523 0.0016260162601626 0.0140921409214092 0.0113821138211382 0 0 0 0 0 0.0449864498644986 0 0 0.056271186440678 0.0345762711864407 0 0.0406779661016949 0.00406779661016949 0 

0 5 7.7244094488189 6.34645669291339 5.74409448818898 0.00305920981875507 0.00248391467564122 0.00342897058324318 91 14007162.0937668 17.5274725274725 18.8131868131868 2.79120879120879 0.725274725274725 6.17582417582418 0.230769230769231 6.21978021978022 2.05494505494505 0.659340659340659 0
 0.0259938837920489 0.00203873598369011 0.00560652395514781 0.0152905198776758 0.0107033639143731 0 0 0 0 0 0.0300713557594292 0 0 0.0366004962779156 0.0266749379652605 0 0.0198511166253102 0.00186104218362283 0 

0 5 10.5927835051546 8.8298969072165 7.86082474226804 0.00243457869090937 0.00292030584627883 0.00393667473480868 77 16610981.3778411 21.7792207792208 23.3636363636364 2.51948051948052 0.571428571428571 7.58441558441558 0.038961038961039 7.77922077922078 2.55844155844156 0.87012987012987 0
 0.0238442822384428 0 0.00340632603406326 0.0165450121654501 0.00145985401459854 0 0 0 0 0 0.0160583941605839 0 0 0.0192644483362522 0.0204319906596614 0 0.0163455925277291 0.00291885580852306 0 

0 5 10.855 8.985 8.055 0.00230420754430719 0.00278404023697623 0.00310610594334873 82 15629870.6143639 21.5487804878049 23.0487804878049 2.4390243902439 0.463414634146341 7.07317073170732 0.024390243902439 7.74390243902439 2.65853658536585 0.853658536585366 0
 0.0359281437125748 0.000460617227084293 0.00138185168125288 0.0147397512666974 0.000921234454168586 0 0 0 0 0 0.0161216029479503 0 0 0.0194769059543684 0.00723427935447969 0 0.0183639398998331 0.00166944908180301 0 

0 5 11.5228426395939 9.61928934010152 8.59390862944162 0.00220365824120895 0.00263999157796147 0.0023645044925832 78 16418824.1617226 23.6794871794872 25.2948717948718 2.52564102564103 0.423076923076923 7.96153846153846 0.115384615384615 8.38461538461539 2.73076923076923 0.948717948717949 0
 0.0290748898678414 0.000440528634361233 0.00176211453744493 0.00837004405286344 0.0039647577092511 0 0 0 0 0 0.0229074889867841 0 0 0.0274406332453826 0.0142480211081794 0 0.00897097625329815 0.00105540897097625 0 

0 5 11.5560975609756 9.7609756097561 8.65365853658537 0.00168940635637029 0.00299982008574611 0.00338352001380642 77 16642301.8592432 25.0649350649351 26.7922077922078 2.66233766233766 0.532467532467532 8.61038961038961 0.038961038961039 8.8961038961039 2.94805194805195 1.05194805194805 0
 0.0244829041789785 0 0.00295483326298016 0.0130856901646264 0.00126635711270578 0 0 0 0 0 0.0189953566905867 0 0 0.0224887556221889 0.0149925037481259 0 0.0149925037481259 0.000499750124937531 0 

0 5 16.5986394557823 14.1292517006803 12.4353741496599 0.00245970877309687 0.00192729890230416 0.00273708070022637 66 19419404.9524128 30.3030303030303 32.3787878787879 2.22727272727273 0.484848484848485 10.6363636363636 0 10.8636363636364 3.77272727272727 1.25757575757576 0
 0.015983606557377 0 0.000819672131147541 0.0122950819672131 0 0 0 0 0 0 0.0110655737704918 0 0 0.0129995185363505 0.00818488204140587 0 0.0120365912373616 0.00337024554646124 0 

0 5 12.5643564356436 10.7970297029703 9.4009900990099 0.00197102431393739 0.00229341004076217 0.00263440604565573 82 15664119.9384441 25.4268292682927 27.0609756097561 2.46341463414634 0.475609756097561 8.73170731707317 0.146341463414634 9.03658536585366 3.01219512195122 1.03658536585366 0
 0.0232466509062254 0.00118203309692671 0.000788022064617809 0.0086682427107959 0.00472813238770686 0 0 0 0 0 0.0212765957446809 0 0 0.0247592847317744 0.0119211370930766 0 0.0073360843649702 0.0036680421824851 0 

0 5 21.4462809917355 18.5537190082645 16.099173553719 0.00192754182054487 0.00222819305569744 0.0020547404548489 51 25111814.7831067 41.921568627451 44.6666666666667 2.37254901960784 0.431372549019608 14.921568627451 0 14.8235294117647 4.84313725490196 1.74509803921569 0
 0.0134874759152216 0 0.00154142581888247 0.0069364161849711 0 0 0 0 0 0 0.0123314065510597 0 0 0.0142538975501114 0.00757238307349666 0 0.00579064587973274 0.00089086859688196 0 

0 5 12.2863636363636 10.7136363636364 9.20909090909091 0.00148055032993731 0.00254655417609491 0.00296251467939529 85 15178238.2798013 26.2352941176471 27.9529411764706 2.58823529411765 0.541176470588235 9.02352941176471 0.0470588235294118 9.4 3.44705882352941 1.10588235294118 0
 0.0229374768775435 0.000369959304476508 0.00184979652238254 0.0133185349611543 0.00147983721790603 0 0 0 0 0 0.0181280059193489 0 0 0.0207891387356809 0.00848536274925753 0 0.0161221892235893 0.00212134068731438 0 

0 5 23.8189655172414 20.801724137931 17.948275862069 0.00181016306562792 0.00207316475514965 0.00240295990138299 55 23276666.9505418 41.5818181818182 44.2363636363636 2.10909090909091 0.527272727272727 14.6181818181818 0 14.8363636363636 4.70909090909091 1.8 0
 0.0112196887441187 0 0.00180962721679334 0.00868621064060804 0 0 0 0 0 0 0.00253347810351068 0 0 0.00290095317032739 0.0132615002072109 0 0.0049730625777041 0.00207210940737671 0 

0 5 11.4545454545455 10.00395256917 8.63241106719368 0.00207101799967758 0.00158122211171677 0.00229047754574239 94 13705479.9569207 25.5106382978723 27.1382978723404 2.69148936170213 0.553191489361702 8.5 0 9.0531914893617 2.59574468085106 1.12765957446809 0
 0.0286404416839199 0.00897170462387854 0.00241545893719807 0.00655624568668047 0 0 0 0 0 0 0.0172532781228433 0 0 0.0197550375345713 0.0130383247728171 0 0.0126432240221256 0.00118530225207428 0 

0 5 8.89017341040462 7.80057803468208 6.57803468208092 0.00130106339986986 0.00222363142723665 0.00175847560524857 117 10929435.3329651 21.7606837606838 23.2649572649573 2.95726495726496 0.863247863247863 7.54700854700855 0 7.86324786324786 2.11111111111111 0.974358974358974 0
 0.0250325097529259 0.020481144343303 0.00260078023407022 0.00975292587776333 0 0 0 0 0 0 0.017555266579974 0 0 0.0200074101519081 0.0166728417932568 0 0.0229714709151538 0.00259355316783994 0 

0 5 12.1596958174905 10.7984790874525 9.02281368821293 0.00187657944446525 0.00140923367303776 0.00252918604113158 104 12268922.0608939 25.5480769230769 27.2788461538462 2.52884615384615 0.423076923076923 8.96153846153846 0.0576923076923077 9.19230769230769 2.73076923076923 1.11538461538462 0
 0.024390243902439 0.000312695434646654 0.000625390869293308 0.0109443402126329 0.00187617260787992 0 0 0 0 0 0.0240775484677924 0 0 0.027112676056338 0.00985915492957747 0 0.0109154929577465 0.00176056338028169 0 

0 5 16.572864321608 14.7688442211055 12.3266331658291 0.00121342528182064 0.00204199021220587 0.00163168739748925 76 16806676.1323802 36.0657894736842 38.5526315789474 2.61842105263158 0.460526315789474 12.8421052631579 0 13.0394736842105 4.05263157894737 1.55263157894737 0
 0.0197089144936325 0 0.000606428138265616 0.0100060642813827 0 0 0 0 0 0 0.0145542753183748 0 0 0.0163320857434502 0.00544402858115005 0 0.0102075535896563 0.00170125893160939 0 

0 5 15.981308411215 14.1635514018692 11.8551401869159 0.00175474076762626 0.00132037017163055 0.00236564118541486 88 14566422.1151407 32.2272727272727 34.4431818181818 2.43181818181818 0.534090909090909 11.3068181818182 0.0113636363636364 11.6590909090909 3.84090909090909 1.43181818181818 0
 0.0219298245614035 0 0.00233918128654971 0.0111111111111111 0.000292397660818713 0 0 0 0 0 0.0131578947368421 0 0 0.0148465852853844 0.00395908940943583 0 0.0105575717584955 0.000989772352358957 0 

0 5 17.9642857142857 15.9489795918367 13.3367346938776 0.00113653926179143 0.00191980817983737 0.00153112687114974 86 14879126.6990133 34.0116279069767 36.2790697674419 2.27906976744186 0.441860465116279 12.046511627907 0.0465116279069767 12.1976744186047 3.88372093023256 1.58139534883721 0
 0.0178926441351889 0.000284010224368077 0.00284010224368077 0.00653223516046578 0.00113604089747231 0 0 0 0 0 0.0139165009940358 0 0 0.0156749840051184 0.00735764555342291 0 0.00575815738963532 0.00159948816378759 0 

0 5 19.8901098901099 17.6318681318681 14.7142857142857 0.00165777252465795 0.00124709249242126 0.00224104971130364 80 15998970.0712377 37.6375 40.1 2.275 0.4875 13.275 0 13.6375 4.825 1.725 0
 0.0165745856353591 0 0.000552486187845304 0.0102209944751381 0 0 0 0 0 0 0.00939226519337017 0 0 0.0105952009971954 0.00218136491118729 0 0.00997195387971331 0.00311623558741041 0 

0 5 18.8781725888325 16.7868020304569 13.8984771573604 0.00134489318970816 0.00151232146733971 0.00182696897359799 80 16012968.1883905 38.7 41.2125 2.4625 0.575 13.725 0.0875 14.05 4.9375 1.8 0
 0.0142511427803173 0 0.00161333691852649 0.00887335305189567 0.00188222640494757 0 0 0 0 0 0.0118311374025276 0 0 0.0133051103719383 0.00635016631387965 0 0.00786211067432718 0.00211672210462655 0 

0 5 20.494623655914 18.2795698924731 15.1774193548387 0.00131200023431 0.00147103303572569 0.00177181259970726 71 18042978.270259 44.6760563380282 47.5352112676056 2.61971830985915 0.366197183098592 15.6760563380282 0.0140845070422535 16.112676056338 5.66197183098592 2.05633802816901 0
 0.0175760755508919 0 0.000524658971668416 0.00603357817418678 0.000262329485834208 0 0 0 0 0 0.0136411332633788 0 0 0.0152941176470588 0.00617647058823529 0 0.005 0.000882352941176471 0 

0 5 26.2837837837838 23.4459459459459 19.5337837837838 0.0012856843188263 0.00144134611903047 0.00138421716105144 68 18868845.180445 47.6911764705882 50.6911764705882 2.17647058823529 0.382352941176471 16.8529411764706 0.0147058823529412 17.1323529411765 6 2.17647058823529 0
 0.0133676092544987 0 0.00051413881748072 0.00591259640102828 0.00025706940874036 0 0 0 0 0 0.0077120822622108 0 0 0.00864553314121038 0.00547550432276657 0 0.00432276657060519 0.00172910662824207 0 

0 5 17.7688888888889 15.9422222222222 13.2311111111111 0.00125094689452697 0.00139432432286563 0.00201591676760532 87 14757555.680235 38.367816091954 40.6781609195402 2.58620689655172 0.448275862068966 13.4597701149425 0.0804597701149425 13.735632183908 5.02298850574713 1.70114942528736 0
 0.0172586293146573 0.000250125062531266 0 0.00775387693846923 0.00175087543771886 0 0 0 0 0 0.0155077538769385 0 0 0.017284638974073 0.00696961248954558 0 0.00669082798996376 0.00167270699749094 0 

0 5 20.8520408163265 18.8469387755102 15.469387755102 0.00122369732001334 0.00135392374778637 0.00164974139735079 78 16407641.8035928 43.8717948717949 46.5 2.51282051282051 0.58974358974359 15.7435897435897 0.0256410256410256 15.7948717948718 5.97435897435897 1.98717948717949 0
 0.010521164668461 0.000244678248103744 0.00171274773672621 0.00880841693173477 0.000489356496207487 0 0 0 0 0 0.0117445559089797 0 0 0.0129940443963184 0.00595560368164591 0 0.00974553329723877 0.000270709258256632 0 

0 5 16.0342205323194 14.5513307984791 11.8365019011407 0.000948831799222199 0.00156816146426647 0.00160669763617005 92 13928762.5087347 38.4347826086956 40.7173913043478 2.85869565217391 0.706521739130435 13.6195652173913 0 13.9130434782609 5.23913043478261 1.70652173913043 0
 0.0154138012805312 0.00687692672516007 0.000474270808631729 0.00806260374673939 0 0 0 0 0 0 0.0125681764287408 0 0 0.0138489678599425 0.00836164097204076 0 0.011497256336556 0.0010452051215051 0 

0 5 13.9808306709265 12.7188498402556 10.1565495207668 0.00137133199995412 0.0010051665816288 0.00157332705178867 111 11522227.7253039 33.2162162162162 35.1531531531532 2.81981981981982 0.927927927927928 11.9369369369369 0 12.1171171171171 4.26126126126126 1.45045045045045 0
 0.0127970749542962 0.0157678244972578 0.000914076782449726 0.00685557586837294 0 0 0 0 0 0 0.0102833638025594 0 0 0.0113036925395629 0.0110524993720171 0 0.0155739763878423 0.000753579502637528 0 

0 5 21.4114832535885 19.5741626794258 15.5502392344498 0.00089416119150837 0.00146687977672492 0.00123125333140055 87 14673112.0428196 43.4712643678161 45.9310344827586 2.40229885057471 0.505747126436782 15.632183908046 0.0229885057471264 15.9080459770115 5.80459770114942 1.89655172413793 0
 0.0122905027932961 0 0.000893854748603352 0.00849162011173184 0.000446927374301676 0 0 0 0 0 0.0109497206703911 0 0 0.0119775116108531 0.00537765827426057 0 0.00733317037399169 0.00219995111219751 0 

0 5 22.5418719211823 20.6551724137931 16.4039408866995 0.00109285274501563 0.00119281347001591 0.00150187124724667 75 17062821.8272376 51.56 54.4533333333333 2.70666666666667 0.493333333333333 18.4666666666667 0 18.8533333333333 6.76 2.32 0
 0.013986013986014 0 0.00196678321678322 0.00611888111888112 0 0 0 0 0 0 0.0111451048951049 0 0 0.0121631290245648 0.00500834724540901 0 0.00572382542332459 0.00143095635583115 0 

0 5 25.7955801104972 23.6519337016575 18.8066298342541 0.00128530581553759 0.000934639760212571 0.00176307340518427 71 18057765.504609 55.5774647887324 58.7323943661972 2.54929577464789 0.450704225352113 19.9718309859155 0 20.2957746478873 7.46478873239437 2.49295774647887 0
 0.0130648961233669 0.000214178624973228 0.000642535874919683 0.00599700149925037 0 0 0 0 0 0 0.00920968087384879 0 0 0.0100443821537024 0.00420462508759636 0 0.00583975706610605 0.000467180565288484 0 

0 5 20.5150214592275 18.8969957081545 14.9871244635193 0.00104629399703254 0.00113580164427895 0.00114598026157079 93 13796734.4032754 43.494623655914 46.0430107526882 2.50537634408602 0.473118279569892 15.5806451612903 0 15.8494623655914 6.13978494623656 1.94623655913978 0
 0.0140167364016736 0 0.000836820083682008 0.00836820083682008 0 0 0 0 0 0 0.0135983263598326 0 0 0.0147626618214854 0.00545082898024074 0 0.00658641835112423 0.000908471496706791 0 

0 5 34.65 31.9428571428571 25.3071428571429 0.00103093100267925 0.00111832195922278 0.00169380355073711 66 19376292.0364133 62.3181818181818 65.9393939393939 2.12121212121212 0.515151515151515 22.6060606060606 0 22.7575757575758 8.57575757575758 2.83333333333333 0
 0.00762729334157906 0 0.00123685837971552 0.00577200577200577 0 0 0 0 0 0 0.00432900432900433 0 0 0.004695885509839 0.00447227191413238 0 0.00491949910554562 0.00134168157423971 0 

0 5 31.8064516129032 29.341935483871 23.2516129032258 0.000811568140162815 0.00131950710685119 0.00138781737057457 61 21055980.9186297 68.5409836065574 72.5901639344262 2.54098360655738 0.491803278688525 24.672131147541 0 25.0327868852459 9.59016393442623 3.09836065573771 0
 0.00993914807302231 0 0.000405679513184584 0.00567951318458418 0 0 0 0 0 0 0.00750507099391481 0 0 0.00813544415127529 0.00307827616534741 0 0.00439753737906772 0.00109938434476693 0 

