0 10 0.625 0.375 0.25 253007232.6 421678718.333333 632518081.5 5 253007232.6 1 1 1.6 0.6 -0.4 0 0.2 -0.6 0.4 0
 0.4 0 0.4 0.2 0 0 0 0 0 0 0 0 0 0 0.666666666666667 0 0 0.333333333333333 0 

0 5 0.515625 0.609375 0.21875 7666885.98787879 10812275.1367521 45179863.25 16 94877712.5375 1.875 2.25 4 1.375 0.625 0 0.6875 -0.375 0.125 0
 0.181818181818182 0.545454545454545 0 0.121212121212121 0 0 0 0 0 0 0.363636363636364 0 0 0.307692307692308 0.358974358974359 0 0.256410256410256 0 0 

0 5 0.736434108527132 0.821705426356589 0.193798449612403 80704.115661882 102002.642799548 1807194.69 35 38854682.4439286 2.57142857142857 2.91428571428571 3.68571428571429 1.54285714285714 1.17142857142857 0 1.14285714285714 -0.628571428571429 0.0571428571428571 0
 0.0842105263157895 0.505263157894737 0 0.0631578947368421 0 0 0 0 0 0 0.126315789473684 0 0 0.113207547169811 0.245283018867925 0 0.273584905660377 0 0 

0 5 1.7 1.8125 0.4625 593.449379866779 703.500984824472 48843.2889189189 24 54328785.8101637 5.375 6 3.33333333333333 1.45833333333333 2.5 0 2.375 -1.83333333333333 0.0833333333333333 0
 0.0441176470588235 0.220588235294118 0 0.0367647058823529 0 0 0 0 0 0 0.00735294117647059 0 0 0.00689655172413793 0.144827586206897 0 0.117241379310345 0 0 

0 6 27.8 29.4 8 4.33416820048043 4.84014275390797 1221.30722297297 4 329841243.202541 33.25 37 1.25 0.25 16 0 14.25 -13 0.75 0
 0.0143884892086331 0 0.00719424460431655 0 0 0 0 0 0 0 0 0 0 0 0.0136054421768707 0 0 0 0 

0 5 7.35 7.95 2.3 0.0566950217719757 0.074466306628352 26.6588526733255 7 227839633.457506 20.1428571428571 22.7142857142857 2.85714285714286 0.428571428571429 9.42857142857143 0 8.28571428571429 -7.28571428571429 0.714285714285714 0
 0.0340136054421769 0 0.0136054421768707 0.00680272108843537 0 0 0 0 0 0 0.054421768707483 0 0 0.050314465408805 0.0188679245283019 0 0.00628930817610063 0 0 

0 5 11.7692307692308 12.7692307692308 3.92307692307692 0.0265143465475293 0.0305690741363154 0.620761817124029 4 373218957.114376 36.5 41.5 3.25 0.75 17.75 0 14.75 -11.75 1.25 0
 0.0196078431372549 0 0 0.0196078431372549 0 0 0 0 0 0 0.0261437908496732 0 0 0.0240963855421687 0.0120481927710843 0 0.00602409638554217 0 0 

0 6 4.85714285714286 5.25714285714286 1.71428571428571 0.0354500843914561 0.0327748319246539 0.1103460302854 12 136521263.176198 13.3333333333333 15.4166666666667 2.91666666666667 0.833333333333333 6.16666666666667 0 5.33333333333333 -3.66666666666667 0.583333333333333 0
 0.0411764705882353 0.00588235294117647 0.0117647058823529 0.0411764705882353 0 0 0 0 0 0 0.0470588235294118 0 0 0.0434782608695652 0.0271739130434783 0 0.0271739130434783 0 0 

0 8 4.61904761904762 4.80952380952381 1.83333333333333 0.0517291241463477 0.0199642318412112 0.105329169224486 12 116796455.848017 14.5833333333333 16.9166666666667 3.5 0.833333333333333 6.16666666666667 0 5.83333333333333 -3 0.583333333333333 0
 0.0721649484536082 0 0 0.0515463917525773 0 0 0 0 0 0 0.0463917525773196 0 0 0.0445544554455446 0.0148514851485149 0 0.0247524752475248 0.00495049504950495 0 

0 7 13.4 14 5.6 0.0400583538514744 0.0429522106278153 0.0964920139193391 5 276366534.969603 36 42 3 0.8 17.4 0 14 -8.8 1.4 0
 0.0149253731343284 0 0 0.0199004975124378 0 0 0 0 0 0 0.0199004975124378 0 0 0.019047619047619 0.019047619047619 0 0 0 0 

0 5 9.30434782608696 9.56521739130435 4 0.0235516745507078 0.0320134191392173 0.0553966523252102 9 171266973.218845 21.1111111111111 24.7777777777778 2.55555555555556 0.555555555555556 9.66666666666667 0 8.11111111111111 -5.44444444444444 1 0
 0.0373831775700935 0.00934579439252336 0.00934579439252336 0.00467289719626168 0 0 0 0 0 0 0.0233644859813084 0 0 0.0227272727272727 0.00909090909090909 0 0.0136363636363636 0 0 

0 5 3.93548387096774 4.06451612903226 1.59677419354839 0.0205883265350439 0.0199683072188064 0.0409636025487395 18 79794622.3454914 12.1111111111111 14.1666666666667 3.44444444444444 1.38888888888889 5.83333333333333 0 4.66666666666667 -3.11111111111111 0.611111111111111 0
 0.0204918032786885 0.0819672131147541 0.00819672131147541 0.0122950819672131 0 0 0 0 0 0 0.0327868852459016 0 0 0.0317460317460317 0.0515873015873016 0 0.0436507936507936 0 0 

0 5 1.84699453551913 1.86338797814208 0.644808743169399 0.0148538116169676 0.0147213146839261 0.0427200305300741 50 26896617.1069098 6.1 6.92 3.66 1.58 2.74 0 2.48 -1.66 0.26 0
 0.0443786982248521 0.201183431952663 0.00591715976331361 0.0266272189349112 0 0 0 0 0 0 0.029585798816568 0 0 0.0293255131964809 0.114369501466276 0 0.117302052785924 0 0 

0 5 8.02222222222222 8.06666666666667 2.95555555555556 0.0138915618050332 0.0138146592691017 0.0454339851919554 16 80745803.5066819 20.375 23.0625 2.8125 0.875 9.375 0 8.125 -6 0.8125 0
 0.0249307479224377 0.0277008310249307 0 0.0110803324099723 0 0 0 0 0 0 0.0110803324099723 0 0 0.0110192837465565 0.0330578512396694 0 0.0137741046831956 0.00275482093663912 0 

0 5 14.88 15.08 5.64 0.0107900310801211 0.015951763021934 0.0357832197531344 9 149531338.500742 37.2222222222222 42.3333333333333 2.77777777777778 1 17.6666666666667 0 14.4444444444444 -12.6666666666667 2.22222222222222 0
 0.00537634408602151 0.00268817204301075 0.0188172043010753 0.00268817204301075 0 0 0 0 0 0 0.010752688172043 0 0 0.0106100795755968 0.026525198938992 0 0 0 0 

0 5 18.1428571428571 18.5238095238095 7.19047619047619 0.0157763517876119 0.0103237834524985 0.0333495577467095 9 157174176.388971 38.3333333333333 43.6666666666667 2.33333333333333 0.222222222222222 17.6666666666667 0 14.5555555555556 -11.8888888888889 2.33333333333333 0
 0.0183727034120735 0 0.0026246719160105 0.0026246719160105 0 0 0 0 0 0 0.020997375328084 0 0 0.0205655526992288 0.0077120822622108 0 0.0025706940874036 0 0 
