0 5 7.30909090909091 7.69090909090909 3.14545454545455 0.0124770556014617 0.0118447370767199 0.0290945061141428 20 71110521.5194486 18.3 20.95 2.75 0.6 8.2 0 6.8 -5.7 1.25 0
 0.0223880597014925 0 0.00995024875621891 0.0199004975124378 0 0 0 0 0 0 0.0298507462686567 0 0 0.0283687943262411 0.0401891252955083 0 0.00236406619385343 0.00945626477541371 0 

0 5 12.5454545454545 13.4545454545455 5.78787878787879 0.0121074325014528 0.0112879385970196 0.0263303377283463 13 102780521.424573 29.1538461538462 33.3846153846154 2.53846153846154 0.461538461538462 13 0 10.5384615384615 -10.0769230769231 2.15384615384615 0
 0.0144927536231884 0 0.0072463768115942 0.0072463768115942 0 0 0 0 0 0 0.0120772946859903 0 0 0.0112612612612613 0.0337837837837838 0 0 0.00225225225225225 0 

0 6 13.7741935483871 14.9032258064516 6.58064516129032 0.0140798768911041 0.0108469435900368 0.0295408349888644 14 97701199.0303266 28.1428571428571 32.2857142857143 2.21428571428571 0.214285714285714 12.2857142857143 0 9.92857142857143 -9.14285714285714 2.07142857142857 0
 0.0234192037470726 0 0.00234192037470726 0.00468384074941452 0 0 0 0 0 0 0.0281030444964871 0 0 0.025974025974026 0.00865800865800866 0 0.00216450216450216 0.00216450216450216 0 

0 5 11.4615384615385 12.3333333333333 5.79487179487179 0.0112171809326423 0.012496563292287 0.0222546054645525 16 85171091.8143954 25.75 29.375 2.4375 0.5625 10.8125 0 9 -8.25 1.875 0
 0.0246085011185682 0 0.00223713646532438 0.0178970917225951 0 0 0 0 0 0 0.00447427293064877 0 0 0.00415800415800416 0.0249480249480249 0 0.00831600831600832 0.00207900207900208 0 

0 5 18.36 19.76 9.44 0.00873903525257656 0.0121710456746807 0.0170434517180701 11 122746124.164945 38.4545454545455 43.9090909090909 2.27272727272727 0.545454545454545 16.3636363636364 0 13.0909090909091 -13.3636363636364 3.09090909090909 0
 0.0130718954248366 0 0.00871459694989107 0.00435729847494553 0 0 0 0 0 0 0.0108932461873638 0 0 0.0101214574898785 0.0161943319838057 0 0 0 0 

0 5 21.3181818181818 23 11.0909090909091 0.0106796141476601 0.00990547637485115 0.0205616534906478 9 154198044.573883 48.1111111111111 55 2.44444444444444 0.333333333333333 20.4444444444444 0 16.2222222222222 -16 4 0
 0.0149253731343284 0 0.00426439232409382 0.00213219616204691 0 0 0 0 0 0 0.0149253731343284 0 0 0.0138339920948617 0.00592885375494071 0 0.00395256916996047 0 0 

0 5 34 36.6428571428571 18.0714285714286 0.0126274781809825 0.00781657987597437 0.0198441172074729 9 157692703.285987 49.1111111111111 56 1.55555555555556 0.444444444444444 20.8888888888889 0 16.3333333333333 -16.1111111111111 4 0
 0.00630252100840336 0.00210084033613445 0 0.00630252100840336 0 0 0 0 0 0 0 0 0 0 0.0116959064327485 0 0.00194931773879142 0 0 

0 5 5.97701149425287 6.39080459770115 3 0.00963966822727112 0.00900686435229492 0.0192331192230171 28 50811749.7602138 17.3571428571429 19.6428571428571 3.10714285714286 1.32142857142857 7.25 0 5.85714285714286 -6.10714285714286 1.46428571428571 0
 0.0134615384615385 0.0596153846153846 0.00961538461538462 0.00192307692307692 0 0 0 0 0 0 0.00961538461538462 0 0 0.00899280575539568 0.0377697841726619 0 0.0305755395683453 0 0 

0 5 3.69753086419753 3.94444444444444 1.69753086419753 0.00669388926248292 0.00940376661087996 0.0218881204335382 43 30601117.2967492 13.1395348837209 14.6744186046512 3.76744186046512 1.62790697674419 5.6046511627907 0 4.65116279069767 -4.62790697674419 0.953488372093023 0
 0.015025041736227 0.111853088480801 0 0.00500834724540901 0 0 0 0 0 0 0.013355592654424 0 0 0.0125195618153365 0.0610328638497653 0 0.0563380281690141 0 0 

0 5 33.8333333333333 35.9444444444444 15.7777777777778 0.00986320835675284 0.00465131957745113 0.0106404511282871 12 107969784.774729 48.0833333333333 53.5833333333333 1.5 0.583333333333333 20.5833333333333 0 16.8333333333333 -16.9166666666667 3.5 0
 0.00492610837438424 0 0.00164203612479475 0.00985221674876847 0 0 0 0 0 0 0 0 0 0 0.00927357032457496 0 0 0.00309119010819165 0 

0 5 32.4736842105263 34.6315789473684 15.3684210526316 0.00649896792278242 0.0106453667470782 0.0240090426408503 6 228834348.129122 97.3333333333333 108.833333333333 3.16666666666667 0.666666666666667 41.6666666666667 0 34 -34.6666666666667 7 0
 0.00648298217179903 0.00162074554294976 0 0.00486223662884927 0 0 0 0 0 0 0.00648298217179903 0 0 0.0060790273556231 0.00759878419452888 0 0.00303951367781155 0 0 

0 5 26.1666666666667 27.9583333333333 12.5833333333333 0.00956448880242481 0.00597711679097925 0.0166357915319233 8 186733832.26614 74.125 83.125 3 0.5 31.5 0 25.75 -25.75 5.25 0
 0.0111464968152866 0 0 0.00636942675159236 0 0 0 0 0 0 0.0127388535031847 0 0 0.0119225037257824 0.00447093889716841 0 0.0014903129657228 0.0014903129657228 0 

0 5 15.7073170731707 16.9756097560976 7.65853658536585 0.0046732367838547 0.00862927746665371 0.0159765471067896 12 120980845.438845 50.5 57.0833333333333 3.41666666666667 0.583333333333333 21.6666666666667 0 17.5833333333333 -16.5 3.58333333333333 0
 0.0139751552795031 0 0.0015527950310559 0.0093167701863354 0 0 0 0 0 0 0.0248447204968944 0 0 0.0229885057471264 0.00574712643678161 0 0.00718390804597701 0 0 

0 5 64.8 70.2 31.9 0.0108096809209627 0.00571029811604936 0.0157240644109931 5 277203433.087769 122.2 138 2 0.6 53.6 0 42.6 -40.4 8.6 0
 0.00154320987654321 0 0 0.00462962962962963 0 0 0 0 0 0 0 0 0 0 0.0056980056980057 0 0.00284900284900285 0 0 

0 5 14.5652173913043 15.7826086956522 7.26086956521739 0.00747882041928502 0.00689491776600007 0.0150171379173982 15 102815983.872518 41.9333333333333 47.4 3.06666666666667 0.666666666666667 17.7333333333333 0 14.6 -13.0666666666667 3 0
 0.017910447761194 0 0.00298507462686567 0.0119402985074627 0 0 0 0 0 0 0.0194029850746269 0 0 0.0179063360881543 0.0068870523415978 0 0.0068870523415978 0.00137741046831956 0 

0 5 16.4285714285714 17.8095238095238 8.47619047619048 0.00725721568176708 0.00669370978310963 0.0140871267919028 12 113987692.739376 53.6666666666667 60.75 3.5 0.666666666666667 22.75 0 18.5 -16.6666666666667 3.75 0
 0.0173913043478261 0 0 0.0115942028985507 0 0 0 0 0 0 0.0130434782608696 0 0 0.0120320855614973 0.0133689839572193 0 0.00401069518716578 0 0 

0 5 46.6666666666667 50.2 24.3333333333333 0.0071532245938311 0.00532097438218208 0.0109974989775121 9 153224891.971042 72.5555555555556 82 1.66666666666667 0.333333333333333 30.8888888888889 0 24.8888888888889 -23 5.11111111111111 0
 0.01 0 0.00142857142857143 0.00285714285714286 0 0 0 0 0 0 0.00142857142857143 0 0 0.00132802124833997 0.00265604249667995 0 0.00265604249667995 0 0 

0 5 44.3125 47.5 23.4375 0.00706227535203643 0.00658594865050287 0.01602932666394 9 157584581.330116 73.5555555555556 83.1111111111111 1.77777777777778 0 30.8888888888889 0 24.8888888888889 -23.1111111111111 5.11111111111111 0
 0.0126939351198872 0 0 0 0 0 0 0 0 0 0.00705218617771509 0 0 0.00657894736842105 0.00263157894736842 0 0 0 0 

0 5 89.25 95.375 47.625 0.00701269226239781 0.00394047961815269 0.0131654313035799 5 284524184.466023 133.4 150.6 1.6 0.4 56.8 0 44.8 -41.8 9.2 0
 0.00420168067226891 0 0 0.00280112044817927 0 0 0 0 0 0 0 0 0 0 0.00393184796854522 0 0 0 0 

0 5 10.3013698630137 10.9315068493151 5.24657534246575 0.00665826155885957 0.0100300006010253 0.00786727266658898 24 64565022.2694176 29.375 33.0416666666667 3.04166666666667 1.5 12.5416666666667 0 10 -9.79166666666667 2.125 0
 0.00265957446808511 0.0412234042553191 0.00664893617021277 0 0 0 0 0 0 0 0 0 0 0 0.0238095238095238 0 0.0200501253132832 0 0 

0 5 4.70224719101124 5.00561797752809 2.23033707865169 0.00478692743316471 0.00674526374927163 0.0176520586213264 48 27700028.6722795 16.4166666666667 18.3958333333333 3.70833333333333 1.54166666666667 7 0 5.75 -5.5 1.14583333333333 0
 0.013142174432497 0.0800477897252091 0.004778972520908 0.003584229390681 0 0 0 0 0 0 0.019115890083632 0 0 0.0179573512906846 0.0460157126823793 0 0.0404040404040404 0 0 

0 6 31.4814814814815 33.5185185185185 15.1111111111111 0.00824092579698019 0.00442734283287212 0.0147491472025033 12 107728032.47269 66.75 74.75 2.25 0.666666666666667 28.75 0 23.3333333333333 -21.4166666666667 4.58333333333333 0
 0.00588235294117647 0 0 0.00941176470588235 0 0 0 0 0 0 0.00470588235294118 0 0 0.00441988950276243 0.00662983425414365 0 0.00331491712707182 0.00110497237569061 0 

0 5 15.1034482758621 16.1551724137931 7.39655172413793 0.00457561749520203 0.00747537603290595 0.011689391951521 18 76264688.7484828 45.7222222222222 51.3888888888889 3.22222222222222 0.611111111111111 19.4444444444444 0 15.8888888888889 -14 3.05555555555556 0
 0.0171232876712329 0.00114155251141553 0 0.0114155251141553 0 0 0 0 0 0 0.021689497716895 0 0 0.0202774813233725 0.00747065101387407 0 0.00533617929562433 0.00106723585912487 0 

0 5 18.7083333333333 20.0625 9.35416666666667 0.00780019556513942 0.0051998705877808 0.0111618917415401 17 78900062.3969696 49.5294117647059 55.6470588235294 2.82352941176471 0.705882352941177 21.3529411764706 0 16.9411764705882 -15.4117647058824 3.41176470588235 0
 0.0111358574610245 0 0.00334075723830735 0.010022271714922 0 0 0 0 0 0 0.0133630289532294 0 0 0.0124610591900312 0.0124610591900312 0 0.00207684319833853 0 0 

0 5 39.6086956521739 42.304347826087 19.7826086956522 0.00549703643860059 0.00411634107974078 0.0110135426192122 11 122176039.945179 77.6363636363636 87.0909090909091 2.09090909090909 0.818181818181818 33.6363636363636 0 26.4545454545455 -25 5.81818181818182 0
 0.00439077936333699 0 0.00658616904500549 0.00329308452250274 0 0 0 0 0 0 0.00109769484083425 0 0 0.00102774922918808 0.00616649537512847 0 0.00308324768756423 0 0 

0 5 51.1666666666667 54.5 25.5555555555556 0.00217752121220261 0.0071397720092556 0.0130674207448244 10 138721241.894518 86.4 96.8 1.8 0.7 37.1 0 29.5 -27.1 6.7 0
 0.00325732899022801 0 0.00325732899022801 0.00434310532030402 0 0 0 0 0 0 0 0 0 0 0.00407747196738022 0 0.00407747196738022 0 0 

0 6 92.5 98.7 46.2 0.00865100272563481 0.00709943239311981 0.00868629311849529 5 280751525.778904 173.8 194.6 2 0.6 74.6 0 59.6 -55.6 14 0
 0.00108108108108108 0 0.00324324324324324 0 0 0 0 0 0 0 0 0 0 0 0.00303951367781155 0 0 0.00303951367781155 0 

0 5 42.6363636363636 45.2727272727273 21.4545454545455 0.00853800746559236 0.00402319220119791 0.0190861997735561 8 193223490.097363 109.875 123 2.75 0.375 46 0 37.625 -34.125 8.875 0
 0.0106609808102345 0 0.00106609808102345 0.00213219616204691 0 0 0 0 0 0 0.00533049040511727 0 0 0.00502008032128514 0.00100401606425703 0 0.00200803212851406 0.00100401606425703 0 

0 10 104.888888888889 111 52.8888888888889 0.0106022648384169 0.00300703022242362 0.00844345840288562 5 291651979.019473 176.8 197.8 1.8 0.8 75.2 0 60.4 -54.6 14.2 0
 0.00211864406779661 0.00105932203389831 0 0.00317796610169492 0 0 0 0 0 0 0 0 0 0 0.002002002002002 0 0 0.001001001001001 0 

0 5 10.2371134020619 10.7938144329897 5.05154639175258 0.0050459237309551 0.0124192999333548 0.0183845784865365 28 55596013.8935526 33.2142857142857 37.0714285714286 3.46428571428571 1.25 13.8571428571429 0 11.4642857142857 -10.1071428571429 2.53571428571429 0
 0.014098690835851 0.0322255790533736 0 0.00302114803625378 0 0 0 0 0 0 0.013091641490433 0 0 0.0124164278892073 0.0152817574021012 0 0.0171919770773639 0.000955109837631328 0 

0 5 6.48192771084337 6.80722891566265 3.02409638554217 0.00465152966889494 0.00443576929197642 0.0119888139013676 44 30014373.3839444 22.9318181818182 25.4772727272727 3.77272727272727 1.70454545454545 9.86363636363636 0 8.15909090909091 -7.04545454545455 1.63636363636364 0
 0.00743494423791822 0.0613382899628253 0.000929368029739777 0.00743494423791822 0 0 0 0 0 0 0.00743494423791822 0 0 0.00707964601769911 0.0327433628318584 0 0.0336283185840708 0 0 

0 5 77.2142857142857 81.3571428571429 36.0714285714286 0.00277951112827835 0.00527167319516416 0.0119049283443591 6 215841798.563991 169.166666666667 188.166666666667 2.33333333333333 0.5 73.6666666666667 0 60.1666666666667 -52.5 12.1666666666667 0
 0.00185013876040703 0 0.000925069380203515 0.00185013876040703 0 0 0 0 0 0 0.00370027752081406 0 0 0.00351185250219491 0.00263388937664618 0 0.00175592625109745 0 0 

0 6 77.7142857142857 81.8571428571429 36.5 0.00735549587419878 0.00349500146003068 0.00785108596544884 8 185109778.070499 127.875 142.125 1.75 0.625 55.25 0 45.5 -39.25 9.125 0
 0.00183823529411765 0.000919117647058824 0 0.00367647058823529 0 0 0 0 0 0 0 0 0 0 0.00349040139616056 0 0.00174520069808028 0.00087260034904014 0 

0 6 64.3529411764706 68.0588235294118 30.4117647058824 0.00366303061780091 0.00691745462528957 0.0154890736672446 6 241691034.345083 171.5 190.833333333333 2.83333333333333 0.666666666666667 74 0 60.6666666666667 -53.8333333333333 12.5 0
 0.00182815356489945 0 0.00182815356489945 0.00182815356489945 0 0 0 0 0 0 0.0036563071297989 0 0 0.00345721694036301 0.00605012964563526 0 0 0 0 

0 6 25.25 26.9090909090909 12.1136363636364 0.00900419714727075 0.00845178839073082 0.0187907862545352 14 107623391.024649 74.5714285714286 83.3571428571429 3.14285714285714 0.357142857142857 31.7857142857143 0 26.1428571428571 -22.5 5.42857142857143 0
 0.0108010801080108 0 0.0009000900090009 0.0036003600360036 0 0 0 0 0 0 0.018001800180018 0 0 0.0168918918918919 0.00422297297297297 0 0.000844594594594595 0.000844594594594595 0 

0 5 53.3333333333333 56.9523809523809 25.8095238095238 0.00625803946173864 0.00335154831805245 0.0092597615982556 11 124787258.002241 95.9090909090909 107.090909090909 1.90909090909091 0.727272727272727 41.4545454545455 0 33.4545454545455 -29.2727272727273 7.09090909090909 0
 0.000892857142857143 0 0.00178571428571429 0.00535714285714286 0 0 0 0 0 0 0 0 0 0 0.00836120401337793 0 0.00167224080267559 0 0 

0 5 86.3846153846154 92.7692307692308 42.0769230769231 0.00356746040913779 0.00497790343973305 0.00915769609067323 4 347455926.50056 264.75 296 3.25 0.5 114.5 0 92.5 -81 19.5 0
 0.000890471950133571 0 0 0.00178094390026714 0 0 0 0 0 0 0.00356188780053428 0 0 0.0033167495854063 0.0033167495854063 0 0.00165837479270315 0 0 

0 5 59.6842105263158 63.8947368421053 29.3157894736842 0.00617598541482287 0.00412271655967029 0.0107884339247588 8 201561548.06257 133.5 149.25 2.375 0.5 56.75 0 46.5 -41.375 10 0
 0.00617283950617284 0 0.0017636684303351 0.0017636684303351 0 0 0 0 0 0 0.000881834215167548 0 0 0.000823723228995058 0.00411861614497529 0 0.00164744645799012 0 0 

0 5 26.9302325581395 28.6744186046512 13.4418604651163 0.00432312261262074 0.00405849368739633 0.00866918414173834 11 133327091.732961 98.3636363636364 110.181818181818 3.90909090909091 0.636363636363636 41 0 34.2727272727273 -29.2727272727273 7.27272727272727 0
 0.0146804835924007 0 0 0.00604490500863558 0 0 0 0 0 0 0.00863557858376511 0 0 0.008110300081103 0.0032441200324412 0 0.0040551500405515 0 0 

0 5 22.3584905660377 23.7547169811321 11.0377358490566 0.00337917563089673 0.00476891063835377 0.00856182766519955 15 93224237.1821974 73.8 82.6 3.53333333333333 1.4 31.6 0 25.8 -22.6666666666667 5.46666666666667 0
 0.00506329113924051 0.0151898734177215 0.00168776371308017 0.000843881856540084 0 0 0 0 0 0 0.00337552742616034 0 0 0.00317712470214456 0.00953137410643368 0 0.0079428117553614 0 0 

0 5 11.5794392523364 12.2616822429907 5.50467289719626 0.00484534235321299 0.00305241532823045 0.00510791481776774 31 43814861.6187806 37.4516129032258 41.8064516129032 3.45161290322581 1.64516129032258 16.258064516129 0 13.2903225806452 -11.5806451612903 2.64516129032258 0
 0.00242130750605327 0.0395480225988701 0 0.00161420500403551 0 0 0 0 0 0 0.00322841000807102 0 0 0.00304878048780488 0.0182926829268293 0 0.0190548780487805 0 0 

0 5 18.7352941176471 19.7794117647059 8.70588235294118 0.00392845003324428 0.00371974157273474 0.0118329525588138 21 62326254.267561 57 63.4761904761905 3.23809523809524 1.52380952380952 24.7619047619048 0 20.4761904761905 -17.7142857142857 3.9047619047619 0
 0.00235478806907378 0.0235478806907378 0 0.00156985871271586 0 0 0 0 0 0 0 0 0 0 0.0111524163568773 0 0.0133828996282528 0 0 

0 5 98.3846153846154 104.076923076923 45.9230769230769 0.00391237564506118 0.00369824075504267 0.00671998819524089 4 331840684.31689 300.25 334.75 3.25 0.75 131 0 107.75 -93.25 20.5 0
 0.00156372165754496 0.000781860828772478 0 0.00156372165754496 0 0 0 0 0 0 0.00312744331508991 0 0 0.00295639320029564 0.00221729490022173 0 0.00073909830007391 0 0 

0 5 58.6363636363636 62 27.5909090909091 0.00387900184158532 0.00366840046976176 0.00989574956869068 9 177430796.812988 134.555555555556 150 2.44444444444444 0.333333333333333 57.8888888888889 0 48.1111111111111 -41.6666666666667 9.11111111111111 0
 0.0062015503875969 0.000775193798449612 0 0.00155038759689922 0 0 0 0 0 0 0.00387596899224806 0 0 0.00366568914956012 0.00293255131964809 0 0.000733137829912023 0.000733137829912023 0 

0 5 61.8571428571429 65.5238095238095 29.4761904761905 0.00462192378894656 0.00436313110499256 0.00970903998314813 11 131133390.073908 111.090909090909 123.818181818182 1.90909090909091 0.272727272727273 47.7272727272727 0 39.5454545454545 -34.3636363636364 7.45454545454545 0
 0.0046189376443418 0 0 0.0023094688221709 0 0 0 0 0 0 0.00307929176289453 0 0 0.00290697674418605 0.00436046511627907 0 0 0.00145348837209302 0 

0 5 46.8928571428571 49.6428571428571 22.6071428571429 0.0030499786167471 0.00431968570583093 0.00791423229065268 12 116347490.589492 102.916666666667 114.666666666667 2.33333333333333 0.583333333333333 43.8333333333333 0 36.4166666666667 -32.75 7.16666666666667 0
 0.00533130236100533 0 0.00304645849200305 0.00228484386900229 0 0 0 0 0 0 0.000761614623000762 0 0 0.000719424460431655 0.0079136690647482 0 0.00143884892086331 0 0 

0 5 60.0909090909091 63.7727272727273 29.2272727272727 0.00454088500651796 0.00285411239180743 0.00778835805955 9 153487110.509944 138.333333333333 154.111111111111 2.44444444444444 0.222222222222222 59 0 48.6666666666667 -43.5555555555556 9.66666666666667 0
 0.00529500756429652 0 0.00075642965204236 0.00075642965204236 0 0 0 0 0 0 0.00605143721633888 0 0 0.00570206699928724 0.00285103349964362 0 0.000712758374910905 0 0 

0 5 69.7894736842105 74.6315789473684 34.3157894736842 0.0015117201244393 0.00423332447982497 0.00614691465960054 9 157613735.501105 139.333333333333 155.333333333333 2.11111111111111 0.111111111111111 59.8888888888889 0 48.7777777777778 -43.5555555555556 9.66666666666667 0
 0.00226244343891403 0 0 0.000754147812971342 0 0 0 0 0 0 0.00603318250377074 0 0 0.00564174894217207 0.00423131170662906 0 0.000705218617771509 0 0 

0 5 58.0869565217391 62.2173913043478 28.6086956521739 0.00449214949111111 0.00349701839586291 0.00912788284902675 12 118554187.291759 105.5 117.583333333333 1.91666666666667 0.583333333333333 45.0833333333333 0 37 -32.0833333333333 7.33333333333333 0
 0.00224550898203593 0 0.000748502994011976 0.00449101796407186 0 0 0 0 0 0 0.0029940119760479 0 0 0.00279524807826695 0.00279524807826695 0 0.00349406009783368 0 0 

0 5 30.1777777777778 32.3111111111111 14.9777777777778 0.00515794709093602 0.00412895255735616 0.00743194047900449 15 92239380.4194506 85.6 95.5333333333333 3 0.466666666666667 35.8666666666667 0 30.0666666666667 -25.2 5.93333333333333 0
 0.0110456553755523 0 0.000736377025036819 0.00441826215022091 0 0 0 0 0 0 0.0103092783505155 0 0 0.00962861072902338 0.00137551581843191 0 0.00412654745529574 0.000687757909215956 0 

0 5 72 77 36 0.00438973534144074 0.00273693024781774 0.00732080693052486 10 135727590.541945 129.4 144.4 1.9 0.4 54.9 0 45.2 -38.1 8.9 0
 0.0043859649122807 0.000730994152046784 0 0.00219298245614035 0 0 0 0 0 0 0.00292397660818713 0 0 0.00273410799726589 0.00273410799726589 0 0.000683526999316473 0 0 

0 5 16.3953488372093 17.5232558139535 8.04651162790698 0.00283999272010031 0.00398323618463691 0.00723601272677822 27 51880152.6126646 49.5555555555556 55.1481481481481 3.18518518518519 1.33333333333333 21.037037037037 0 17.5185185185185 -14.6296296296296 3.33333333333333 0
 0.00425531914893617 0.0219858156028369 0.000709219858156028 0.00283687943262411 0 0 0 0 0 0 0.00283687943262411 0 0 0.0026542800265428 0.0126078301260783 0 0.013271400132714 0.0006635700066357 0 

0 5 9.19753086419753 9.80864197530864 4.30864197530864 0.00402875167296651 0.00251981323863099 0.00574102580619882 44 29929924.6957424 32.1818181818182 35.6590909090909 3.68181818181818 1.70454545454545 13.8409090909091 0 11.5909090909091 -9.77272727272727 2.09090909090909 0
 0.00335570469798658 0.0476510067114094 0.00134228187919463 0.00134228187919463 0 0 0 0 0 0 0.00536912751677852 0 0 0.00503461296412838 0.0232850849590938 0 0.0232850849590938 0 0 

0 5 38.6923076923077 41.2564102564103 18.2307692307692 0.00331612243318288 0.00310908627298858 0.00985336290549395 15 86331097.5797162 95.4666666666667 105.866666666667 2.6 0.533333333333333 40.6666666666667 0 34.6 -27.6666666666667 6.13333333333333 0
 0.00728959575878065 0.000662690523525514 0 0.0046388336646786 0 0 0 0 0 0 0.00596421471172962 0 0 0.00559353635798633 0.00124300807955252 0 0.00559353635798633 0 0 

0 5 58.3846153846154 62.5384615384615 27.8076923076923 0.00395475370384268 0.00492196130767096 0.00969550949226209 9 150151960.397746 160.111111111111 177.777777777778 2.88888888888889 0.666666666666667 69 0 58 -47.2222222222222 10.3333333333333 0
 0.00197628458498024 0.000658761528326746 0.000658761528326746 0.00263504611330698 0 0 0 0 0 0 0.00263504611330698 0 0 0.002460024600246 0.00615006150061501 0 0.0018450184501845 0 0 
