0 5 80.8333333333333 84 7.33333333333333 0.0185738741943912 0.0139205955576885 0.0951781971653495 3 748806609.99134 153 164.333333333333 2 1 89 0 86.6666666666667 -73.3333333333333 1.66666666666667 0 0 0.00412371134020619 0.00206185567010309 0 0 0 0 0 0 0 0 0 0 0 0.00198412698412698 0 0.00396825396825397 0 0 
0 7 121.75 126.5 11 0.0144118560045059 0.00793264939833535 0.00216314084466703 2 1006921825.49567 230.5 248 2 1 134 0 130.5 -110 2.5 0 0 0.00410677618069815 0 0 0 0 0 0 0 0 0 0 0 0 0.00197628458498024 0 0.00197628458498024 0 0 
0 20 244 253.5 22 0.0410131390491896 0.00790519260236358 4.91622919242508e-05 2 1135979445.24783 231.5 249 1 0.5 134.5 0 131 -110 2.5 0 0 0.00204918032786885 0 0 0 0 0 0 0 0 0 0 0 0 0 0 0.0019723865877712 0 0 
0 5 8.63333333333333 8.95 0.733333333333333 0.00973168559662006 0.0447074584592223 1.11732481646024e-06 16 150063532.20299 30.875 33.0625 3.75 1.875 17.75 0 17.3125 -14.6875 0.3125 0 0 0.0579150579150579 0 0 0 0 0 0 0 0 0 0 0 0 0.0279329608938547 0 0.0279329608938547 0 0 
0 5 4 4.12837837837838 0.297297297297297 0.00846238460404834 0.00825647701875487 2.53937458286419e-08 35 40431445.891514 16.0857142857143 17.1142857142857 4.22857142857143 2.11428571428571 9.25714285714286 0 9.05714285714286 -7.68571428571429 0.142857142857143 0 0 0.125 0 0 0 0 0 0 0 0 0 0 0 0 0.0556464811783961 0 0.0654664484451719 0 0 
0 7 42.6428571428571 44.2857142857143 3.35714285714286 0.0033642586006768 0.012916542704869 1.02127659628497 4 326367130.722879 142 151.75 3.5 0.75 81.75 0 80 -67.25 1.25 0 0.0033500837520938 0.0050251256281407 0 0 0 0 0 0 0 0 0.0067001675041876 0 0 0.00645161290322581 0.0032258064516129 0 0.00483870967741936 0 0 
0 8 99.6666666666667 104.166666666667 8.66666666666667 0.00836682986388073 0.0128206664683278 0.173486088390096 2 795702106.361439 285 304.5 3 0.5 164.5 0 160 -136.5 2.5 0 0 0 0 0.00167224080267559 0 0 0 0 0 0 0 0 0 0 0.008 0 0 0 0 
0 7 28.8571428571429 30.3809523809524 2.9047619047619 0.0247662818974652 0.0172614743988532 0.183171903088362 5 412147840.672288 115.4 123.8 4.2 0.4 65.8 0 64.4 -54.2 1 0 0.0099009900990099 0 0 0.0033003300330033 0 0 0 0 0 0 0.0132013201320132 0 0 0.0125391849529781 0.00470219435736677 0 0.00313479623824451 0 0 
0 8 55.6363636363636 58.4545454545455 5.72727272727273 0.0196483109181331 0.00313726512348189 0.129891617509339 6 279530824.945381 97.1666666666667 104.166666666667 1.83333333333333 0.833333333333333 55.6666666666667 0 54.1666666666667 -44.8333333333333 1 0 0.00163398692810458 0 0.00163398692810458 0.0065359477124183 0 0 0 0 0 0 0 0 0 0 0.0031104199066874 0 0.0046656298600311 0 0 
0 8 28.4090909090909 29.6363636363636 3.31818181818182 0.012831437297469 0.0138084927379194 0.0565738577741005 5 308913588.389076 118 126.8 4.4 1 66.2 0 65.4 -53.8 1.4 0 0.0128 0 0.0016 0.0064 0 0 0 0 0 0 0.008 0 0 0.00766871165644172 0.00306748466257669 0 0.00306748466257669 0 0 
0 7 125.6 130.8 15 0.0111669290402826 0.00766637384210691 0.147420984770321 4 393487678.097269 148.5 159.5 1.25 0.25 84.25 0 81.75 -68.75 2 0 0.00318471337579618 0 0.00159235668789809 0 0 0 0 0 0 0 0 0 0 0 0.00305810397553517 0 0 0 0 
0 5 11.3275862068966 11.7758620689655 1.37931034482759 0.00762734692395781 0.0161166418357864 0.039342762309629 16 103657800.443579 38.8125 41.6875 3.625 1.625 21.8125 0 21.125 -17.8125 0.625 0 0.0045662100456621 0.0319634703196347 0.0030441400304414 0.0045662100456621 0 0 0 0 0 0 0.0060882800608828 0 0 0.00585651537335286 0.020497803806735 0 0.0161054172767204 0 0 
0 5 5.40298507462687 5.59701492537313 0.597014925373134 0.00691661235762978 0.00668815552244772 0.000491784528870363 34 40255733.3659876 20.2058823529412 21.5882352941176 3.94117647058824 1.97058823529412 11.3823529411765 0 10.9705882352941 -9.35294117647059 0.294117647058824 0 0 0.0925414364640884 0 0 0 0 0 0 0 0 0 0 0 0 0.0426666666666667 0 0.0466666666666667 0 0 
0 7 26.3571428571429 27.2857142857143 2.89285714285714 0.00949446695441413 0.00131765465382519 0.172845577586776 8 163161609.295748 87.75 93.625 3.5 1.625 49.125 0 47.5 -40.625 1.25 0 0.0013550135501355 0.0176151761517615 0 0 0 0 0 0 0 0 0 0 0 0 0.00916230366492147 0 0.00916230366492147 0 0 
0 6 246.666666666667 255 27 0.00812093846885732 0.00915204922176971 0.00213389601958983 2 714099378.147874 352 375.5 1.5 1 197 0 190.5 -162 5 0 0 0.00135135135135135 0 0.00135135135135135 0 0 0 0 0 0 0 0 0 0 0 0 0 0.00130718954248366 0 
0 7 370.5 383 40.5 0.00945765308835203 0.0078448460172608 2.63443953035781e-05 2 989568266.073937 353 376.5 1 0.5 197 0 190.5 -163.5 5.5 0 0 0 0.00134952766531714 0 0 0 0 0 0 0 0 0 0 0 0.00130548302872063 0 0 0 0 
0 5 74.7 77 8.5 0.00670610127588802 0.014295902397425 0.211765015816415 4 563651356.018484 177.75 189.5 2.5 0.5 97.75 0 95.5 -82 3 0 0.00535475234270415 0 0.00133868808567604 0.00133868808567604 0 0 0 0 0 0 0.00133868808567604 0 0 0.0012987012987013 0.0025974025974026 0 0.0012987012987013 0 0 
0 6 250 256.666666666667 29.3333333333333 0.00934227480170118 1.85661070096429e-05 0.081951875179732 1 1828688516.01848 712 759 3 0 392 0 382 -328 12 0 0.004 0 0 0 0 0 0 0 0 0 0 0 0 0 0 0 0 0 0 
0 11 376 385 44.5 0.0252783806845767 2.41118272852505e-08 0.0908084480357273 2 1546862850.50924 357 380.5 1 0.5 197 0 191 -164 6 0 0.00132978723404255 0.00132978723404255 0 0 0 0 0 0 0 0 0 0 0 0 0 0 0 0 0 
0 5 13.0333333333333 13.3333333333333 1.48333333333333 0.00642618718757618 0.0387500000301398 0.00102031964085087 16 175743752.531828 46.5625 49.5 3.75 1.875 25.625 0 24.8125 -21.4375 0.75 0 0 0.0383631713554987 0 0 0 0 0 0 0 0 0 0 0 0 0.01875 0 0.01875 0 0 
0 17 5.82312925170068 5.93877551020408 0.619047619047619 0.019867320312135 0.00577176403210784 0.362648574941108 38 37915288.4087323 21.5263157894737 22.7631578947368 3.86842105263158 1.89473684210526 11.7105263157895 0 11.4473684210526 -9.92105263157895 0.315789473684211 0 0.00233644859813084 0.0829439252336449 0 0.00116822429906542 0 0 0 0 0 0 0 0 0 0 0.0400916380297824 0 0.0423825887743414 0.0011454753722795 0 
0 6 142.833333333333 146.333333333333 15.5 2.31824040981739e-05 0.0216466648793076 0.0684155760746356 2 651476247.704366 410 434.5 3 0 224 0 217.5 -188.5 6 0 0.00116686114352392 0 0 0 0 0 0 0 0 0 0.00466744457409568 0 0 0.00455580865603645 0.00113895216400911 0 0 0 0 
0 8 143 147.166666666667 16.3333333333333 0.00699303401212599 0.00908453755931971 0.082330771184435 2 958256730.352183 411 435.5 3 0.5 224.5 0 217.5 -190.5 6 0 0 0 0 0.00116550116550117 0 0 0 0 0 0 0 0 0 0 0.00566251415628539 0 0 0 0 
0 8 286.333333333333 295 33.3333333333333 0.0232910279790595 0.00904981303679019 0.0808233077118443 2 1111646981.67609 412 436.5 1.5 0.5 224.5 0 217.5 -192.5 6.5 0 0 0 0.00116414435389988 0 0 0 0 0 0 0 0 0 0 0 0.00225988700564972 0 0 0 0 
0 12 430 443 50 0.0139805709627663 0.00452488692216342 0.000808233077118443 2 1188342113.33805 413 437.5 1 0.5 224.5 0 217.5 -192.5 6.5 0 0 0.00116279069767442 0 0 0 0 0 0 0 0 0 0 0 0 0.00112866817155756 0 0 0 0 
0 5 14.8333333333333 15.2666666666667 1.66666666666667 0.00563368603478962 0.0174721887411814 8.08233077118443e-06 16 153336210.208628 53.5625 56.625 3.75 1.875 29 0 28.125 -25 0.8125 0 0 0.0337078651685393 0 0 0 0 0 0 0 0 0 0 0 0 0.0163755458515284 0 0.0163755458515284 0 0 
0 5 6.5958904109589 6.77397260273973 0.691780821917808 0.00519795813710778 0.00507327824948552 0.257425822597334 36 39399262.9224619 25.7777777777778 27.1388888888889 4.05555555555556 2 13.9166666666667 0 13.5555555555556 -12.0833333333333 0.361111111111111 0 0.00103842159916926 0.0747663551401869 0 0 0 0 0 0 0 0 0 0 0 0 0.0353892821031345 0 0.038422649140546 0 0 
0 5 160.666666666667 165.666666666667 17.1666666666667 5.39207275633587e-06 0.00604132120548238 0.0510429691514304 2 652218258.961231 465 490.5 3 0 251.5 0 244 -217 6.5 0 0.00103734439834025 0 0 0 0 0 0 0 0 0 0.004149377593361 0 0 0.00402414486921529 0.00100603621730382 0 0 0 0 
0 8 160.833333333333 166.5 18 0.00518135273789923 0.00801405537658206 0.0745466941588095 2 958627759.480615 466 491.5 3 0.5 252 0 244 -219 6.5 0 0 0 0 0.00103626943005181 0 0 0 0 0 0 0 0 0 0 0.005005005005005 0 0 0 0 
0 8 322 333.666666666667 37 0.0207092974666024 0.00800001404133525 0.108779699947377 2 1111832519.74031 467 492.5 1.5 0 251.5 0 244 -220.5 6.5 0 0.0010351966873706 0 0 0 0 0 0 0 0 0 0 0 0 0 0.001998001998002 0 0 0 0 
0 25 64.8666666666667 67.2666666666667 7.66666666666667 0.0257150146942103 0.00793657087615593 0.0357285191299772 4 594217456.185077 234.75 248 3.75 1.25 126.25 0 122.25 -110 3.5 0 0.00205549845837616 0.00102774922918808 0.00102774922918808 0.00308324768756423 0 0 0 0 0 0 0.00411099691675231 0 0 0.00396432111000991 0.00297324083250743 0 0.000991080277502478 0 0 
0 5 16.7166666666667 17.3166666666667 1.91666666666667 0.00501068296579682 0.0240692363531051 0.00031068277504328 16 116203422.886567 60.625 63.9375 3.75 1.875 32.625 0 31.5 -28.5625 0.875 0 0 0.0299102691924227 0 0 0 0 0 0 0 0 0 0 0 0 0.014436958614052 0 0.014436958614052 0 0 
0 12 7.27702702702703 7.52027027027027 0.783783783783784 0.0111467137260592 0.00451398853221303 0.327588885196337 38 36348440.6549097 27.4473684210526 28.8421052631579 3.89473684210526 1.92105263157895 14.6842105263158 0 14.2368421052632 -13.0526315789474 0.421052631578947 0 0.000928505106778087 0.0659238625812442 0.00185701021355617 0 0 0 0 0 0 0 0 0 0 0 0.0332434860736747 0 0.0332434860736747 0 0 
0 6 179.666666666667 186.333333333333 19.6666666666667 1.03401797087748e-05 0.0125263989163973 0.0536236346203079 2 650692881.327455 522.5 550 3 0 280 0 270.5 -246.5 8 0 0.000927643784786642 0 0 0 0 0 0 0 0 0 0.00371057513914657 0 0 0.0035778175313059 0.000894454382826476 0 0 0 0 
0 8 179.833333333333 187.166666666667 20.5 0.0055607139389988 0.0071349300079398 0.0654766149156123 2 957865104.663727 523.5 551 3 0.5 280.5 0 270.5 -248.5 8 0 0 0 0 0.00092678405931418 0 0 0 0 0 0 0 0 0 0 0.00445235975066785 0 0 0 0 
0 6 120.111111111111 125.555555555556 14.2222222222222 0.0148062541294533 0.00885587161947605 0.0786365360540282 3 740967482.887909 350 369 3 0 187 0 180.333333333333 -166.333333333333 5.33333333333333 0 0.00185013876040703 0 0 0 0 0 0 0 0 0 0.00370027752081406 0 0 0.00353982300884956 0.00265486725663717 0 0 0 0 
0 8 135.375 142 16.625 0.00370711565478251 0.00705004918276362 0.0607416280906318 3 668668276.962636 351 370 2.66666666666667 0.666666666666667 187.666666666667 0 180.333333333333 -168.333333333333 5.66666666666667 0 0 0 0.000923361034164358 0.000923361034164358 0 0 0 0 0 0 0 0 0 0 0.00528169014084507 0 0 0 0 
0 5 99.0909090909091 103.636363636364 12.8181818181818 0.0137648689134448 0.00702372811331821 0.0642605789226286 3 644568545.320879 352.333333333333 371.333333333333 3.66666666666667 0.333333333333333 186 0 180.666666666667 -168.666666666667 5.66666666666667 0 0.0055045871559633 0 0 0.000917431192660551 0 0 0 0 0 0 0.000917431192660551 0 0 0.00087719298245614 0.00175438596491228 0 0.00087719298245614 0 0 
0 5 17.546875 18.296875 2.21875 0.00624556088059968 0.00598379481478507 0.0286215533726946 18 106089217.517827 60.5555555555556 63.7222222222222 3.55555555555556 1.77777777777778 32.1111111111111 0 30.9444444444444 -29.1111111111111 1 0 0.000890471950133571 0.0276046304541407 0.000890471950133571 0 0 0 0 0 0 0 0 0 0 0 0.013663535439795 0 0.0128095644748079 0 0 
0 5 7.98 8.31333333333333 0.966666666666667 0.00418232711853016 0.00401442164780656 0.0553698038163634 38 36082278.7504691 30.6052631578947 32.1315789473684 3.94736842105263 1.86842105263158 16.1842105263158 0 15.6315789473684 -14.6315789473684 0.473684210526316 0 0.0025062656641604 0.0593149540517962 0 0 0 0 0 0 0 0 0.00334168755221387 0 0 0.00320769847634322 0.0280673616680032 0 0.0296712109061748 0 0 
0 5 63.3684210526316 66.2631578947368 8.1578947368421 0.0083091215341516 0.00794600033490691 0.058421740669783 4 325279915.437617 292 307 4.75 1 154.5 0 148.75 -139.25 4.5 0 0.00249169435215947 0 0 0.00332225913621262 0 0 0 0 0 0 0.00332225913621262 0 0 0.00317712470214456 0.00555996822875298 0 0.00079428117553614 0 0 
0 8 201 210.5 26.5 0.00498201419696032 0.00950747901847578 0.075839130444464 3 530105768.812539 390.333333333333 410.333333333333 2 0.333333333333333 206.666666666667 0 198.666666666667 -187.666666666667 6 0 0.000829187396351575 0 0 0.000829187396351575 0 0 0 0 0 0 0 0 0 0 0.00237529691211401 0 0 0.000791765637371338 0 
0 10 134.333333333333 141 17.8888888888889 0.00744828950719352 0.00867573481404135 0.00668223062387866 3 598381056.270846 391.333333333333 412 3 0.333333333333333 207 0 199 -187.666666666667 6.33333333333333 0 0.00165425971877585 0 0.000827129859387924 0 0 0 0 0 0 0 0.0033085194375517 0 0 0.00315208825847124 0.000788022064617809 0 0.000788022064617809 0 0 
0 11 303 317.5 40.25 0.0148576306019036 6.83128725515067e-06 4.15045380365134e-05 3 621139491.423615 392.333333333333 413 1.33333333333333 1 207.666666666667 0 199.333333333333 -186.666666666667 6.66666666666667 0 0 0 0.000825082508250825 0.00165016501650165 0 0 0 0 0 0 0 0 0 0 0 0 0.00078740157480315 0 0 
0 5 101.666666666667 106.166666666667 13.9166666666667 0.00411053904147697 0.010204086994731 0.155688871284659 5 377235382.884723 236.6 249 2.4 0.4 123.6 0 119.8 -112.6 4.2 0 0.00491803278688525 0 0.000819672131147541 0.000819672131147541 0 0 0 0 0 0 0.000819672131147541 0 0 0.000784929356357928 0.00156985871271586 0 0.000784929356357928 0 0 
0 5 27 28.2173913043478 3.73913043478261 0.00402907450808493 0.00540077356471089 0.0299749352981666 12 136856067.40706 100.333333333333 105.666666666667 3.83333333333333 1.58333333333333 52.6666666666667 0 50.6666666666667 -47.5833333333333 1.75 0 0.00241545893719807 0.0144927536231884 0 0.000805152979066023 0 0 0 0 0 0 0.00322061191626409 0 0 0.00308166409861325 0.00847457627118644 0 0.00693374422187982 0 0 
0 5 10.7520661157025 11.2396694214876 1.48760330578512 0.00384629444620145 0.00368044174526817 0.0223887496405454 28 50067624.9788236 44.9285714285714 47.2857142857143 4.32142857142857 2 23.6428571428571 0 22.7142857142857 -21.3214285714286 0.75 0 0.00230591852421214 0.0407378939277479 0 0.00230591852421214 0 0 0 0 0 0 0.00307455803228286 0 0 0.00294117647058824 0.0220588235294118 0 0.0205882352941176 0 0 
0 6 19.6176470588235 20.5147058823529 2.69117647058824 0.00225175884141394 0.00502055945644822 0.0383737090144292 19 69216055.8409907 68.0526315789474 71.5263157894737 3.57894736842105 1.68421052631579 35.8421052631579 0 34.3684210526316 -32.5263157894737 1.10526315789474 0 0.000749625187406297 0.0239880059970015 0 0 0 0 0 0 0 0 0 0 0 0 0.0129032258064516 0 0.0121863799283154 0 0 
0 5 121.636363636364 127.454545454545 17.0909090909091 0.0029912195507036 0.00428318156879918 0.0321190090905023 3 444751166.28033 432.333333333333 455 3.66666666666667 0.333333333333333 227.333333333333 0 218 -205.666666666667 7 0 0.00224215246636771 0 0 0.000747384155455904 0 0 0 0 0 0 0.00298953662182362 0 0 0.00285306704707561 0.0014265335235378 0 0.000713266761768902 0 0 
0 7 223.666666666667 234 31.6666666666667 0.00894410672097668 0.00213980283587521 0.0370111526794237 4 427447154.570083 325.25 342.25 1.5 0.75 171 0 163.5 -154.75 5.5 0 0.000745156482861401 0 0.000745156482861401 0.0014903129657228 0 0 0 0 0 0 0 0 0 0 0.00142450142450142 0 0 0 0 
0 29 448 468.333333333333 63.3333333333333 0.0215840357936912 0.00284849808031023 0.000194795540418019 2 846242317.785041 651.5 685.5 1.5 1 342.5 0 327.5 -310 11.5 0 0 0 0.000744047619047619 0.000744047619047619 0 0 0 0 0 0 0 0 0 0 0 0 0 0.000711743772241993 0 
0 5 67.7 70.75 9.5 0.00370870312835575 0.0233235678431663 1.02523968641063e-06 7 301611400.54072 187.714285714286 197.428571428571 2.85714285714286 1.42857142857143 98.4285714285714 0 94.1428571428571 -89.5714285714286 3.42857142857143 0 0 0.00664697193500739 0.000738552437223043 0 0 0 0 0 0 0 0 0 0 0 0.00424028268551237 0 0.00282685512367491 0 0 
0 5 21.65625 22.609375 2.96875 0.00361017943948655 0.00347154358524061 5.39599834952962e-09 17 92155817.1494541 79.2352941176471 83.2352941176471 3.76470588235294 1.88235294117647 41.4705882352941 0 39.7058823529412 -37.7647058823529 1.41176470588235 0 0 0.0230880230880231 0 0 0 0 0 0 0 0 0 0 0 0 0.0110573600552868 0 0.0110573600552868 0 0 
0 5 11.0916030534351 11.5343511450382 1.48854961832061 0.00344364086678561 0.00264955098847468 0.225641025668697 33 41127070.095438 42.7575757575758 44.8181818181818 3.96969696969697 1.87878787878788 22.2121212121212 0 21.4545454545455 -20.3333333333333 0.727272727272727 0 0.00344115622849277 0.0419821059876118 0 0.000688231245698555 0 0 0 0 0 0 0.000688231245698555 0 0 0.000661813368630046 0.0198544010589014 0 0.0218398411647915 0 0 
0 5 97.4 101.2 13.4666666666667 0.00342467052762956 0.00263679153556553 0.0258695100280629 4 326541142.77386 354 371.5 3.75 0.75 184 0 177.25 -167.25 6 0 0.00342231348391513 0 0 0.00205338809034908 0 0 0 0 0 0 0.0027378507871321 0 0 0.00263504611330698 0.00131752305665349 0 0.000658761528326746 0 0 
0 9 104.857142857143 108.928571428571 14.8571428571429 0.0061331230725665 0.00328041756822004 0.0433936034135965 3 530526214.92462 473.333333333333 497.333333333333 4.66666666666667 1 246.666666666667 0 236.666666666667 -223 8 0 0.00272479564032698 0 0 0.00204359673024523 0 0 0 0 0 0 0.00272479564032698 0 0 0.00262295081967213 0.00131147540983607 0 0.000655737704918033 0 0 
0 8 294.2 305.4 41.8 0.0108811238090228 0.00982533098727454 0.0767626488201608 3 598521246.974873 474.333333333333 498.333333333333 1.66666666666667 0.666666666666667 247.666666666667 0 236.666666666667 -225.333333333333 8.66666666666667 0 0.000679809653297077 0 0.00135961930659415 0 0 0 0 0 0 0 0 0 0 0 0.00130975769482646 0 0 0 0 
0 12 210.714285714286 218.571428571429 29.8571428571429 0.00814297025342985 0.0065423694973773 0.000367285401053401 4 465889696.243718 356.75 374.75 1.75 1 186 0 177.75 -169.5 7.25 0 0 0 0.00203389830508475 0.000677966101694915 0 0 0 0 0 0 0 0 0 0 0.00130718954248366 0 0 0.00065359477124183 0 
0 7 87.2352941176471 90.5294117647059 12.5882352941176 0.0047256527108924 0.00780152200747068 0.0654222770345844 5 346185448.248744 286.6 301.4 3.4 1 148.8 0 142.4 -135.2 6 0 0.00202292650033715 0.000674308833445718 0.000674308833445718 0.00202292650033715 0 0 0 0 0 0 0.00269723533378287 0 0 0.00259909031838856 0.00259909031838856 0 0.000649772579597141 0 0 
0 5 24.4193548387097 25.3225806451613 3.45161290322581 0.00330563121050918 0.00573745319873087 0.000305711574927964 16 100701437.390546 91.375 96.125 3.875 1.9375 47.8125 0 45.625 -43.1875 1.875 0 0 0.0204755614266843 0 0 0 0 0 0 0 0 0 0 0 0 0.00828025477707006 0 0.0114649681528662 0 0 
0 5 10.8698630136986 11.2534246575342 1.46575342465753 0.00315268155715848 0.00304670569275638 1.42855876134563e-06 37 36911864.6321769 41.4324324324324 43.5675675675676 3.94594594594595 1.97297297297297 21.7027027027027 0 20.7567567567568 -19.6216216216216 0.810810810810811 0 0 0.0459987397605545 0 0 0 0 0 0 0 0 0 0 0 0 0.0213024954351795 0 0.0231284236153378 0 0 
0 6 159.2 164.8 21.4 0.00377082454871681 0.00182223707869706 6.67550823058704e-09 4 325487355.408044 384.5 404.5 2.5 1.25 201.25 0 192.5 -182.75 8 0 0 0.00188442211055276 0.00125628140703518 0 0 0 0 0 0 0 0 0 0 0 0.00182038834951456 0 0.00121359223300971 0 0 
0 8 398.5 412.5 53.5 0.00502118621364411 0.00484958923459315 3.1193963694332e-11 1 1590524916.40804 1539 1620 4 2 807 0 772 -729 32 0 0 0.00125470514429109 0 0 0 0 0 0 0 0 0 0 0 0 0 0 0.00121212121212121 0 0 
0 35 399 413 53.75 0.0219329706680537 0.00242424309275702 0.297674418604796 2 1427781260.20402 771 811.5 2 0.5 403.5 0 386.5 -365 16 0 0.0006265664160401 0.0006265664160401 0 0 0 0 0 0 0 0 0 0 0 0 0.000605326876513317 0 0.000605326876513317 0 0 
0 5 33.1224489795918 34.1632653061224 4.48979591836735 0.00309422857095998 0.0232989392133171 0.0195348837209309 13 207139913.015694 120.461538461538 126.692307692308 3.76923076923077 1.69230769230769 62.6153846153846 0 60.3076923076923 -56.8461538461538 2.46153846153846 0 0.00308071472581639 0.0129390018484288 0 0.000616142945163278 0 0 0 0 0 0 0.000616142945163278 0 0 0.000597371565113501 0.00597371565113501 0 0.00657108721624851 0 0 
0 5 12.7067669172932 13.0827067669173 1.66165413533835 0.00296041078613666 0.00288695341334099 0.018187940650321 35 42062215.0575913 46.6857142857143 49 3.8 1.88571428571429 24.3142857142857 0 23.3428571428571 -22.0857142857143 0.914285714285714 0 0.000591715976331361 0.0390532544378698 0 0 0 0 0 0 0 0 0 0 0 0 0.0189655172413793 0 0.0189655172413793 0 0 
0 6 50.1764705882353 51.7058823529412 6.58823529411765 0.0035187341212111 0.0022769550360713 0.0357954818779032 10 130709983.505759 165.1 173.3 3.4 1.3 85.8 0 82.4 -77.8 3.2 0 0.00175849941383353 0.00762016412661196 0 0 0 0 0 0 0 0 0.00234466588511137 0 0 0.00227531285551763 0.00398179749715586 0 0.00398179749715586 0 0 
0 8 243.857142857143 252 32.8571428571429 2.06135566561869e-06 0.00623711845523587 0.0349382412255561 2 697873801.75288 826.5 867.5 3.5 0.5 430.5 0 412 -391.5 16 0 0 0 0 0.000585823081429408 0 0 0 0 0 0 0 0 0 0 0.00340136054421769 0 0 0 0 
0 8 285 294.5 38.8333333333333 0.0116959076382197 0.00453097742979923 0.0344847134816548 4 490727860.43822 414.25 434.75 1.5 0.5 215 0 206.25 -196.5 8.25 0 0.000584795321637427 0 0.000584795321637427 0.000584795321637427 0 0 0 0 0 0 0 0 0 0 0.00113186191284663 0 0 0.000565930956423316 0 
0 25 855.5 884 116.5 0.0146181741131725 0.00226500620895351 0.000148003062153025 2 877882762.71911 829.5 870.5 1 0.5 430.5 0 412.5 -393.5 16.5 0 0 0.000584453535943892 0 0 0 0 0 0 0 0 0 0 0 0 0.000565610859728507 0 0 0 0 
0 5 26.4090909090909 27.3030303030303 3.56060606060606 0.00287700411595707 0.0160944866849106 0.140426161715158 18 119051135.151062 94 98.6111111111111 3.66666666666667 1.66666666666667 48.6666666666667 0 46.6666666666667 -44.4444444444444 1.83333333333333 0 0.00114744693057946 0.0172117039586919 0 0 0 0 0 0 0 0 0.00229489386115892 0 0 0.00221975582685905 0.00832408435072142 0 0.00832408435072142 0 0 
0 5 12.5034482758621 12.9448275862069 1.6551724137931 0.00220787479543075 0.00320516488368935 0.0255851090071465 37 37407805.6527314 47.6756756756757 49.9189189189189 3.91891891891892 1.89189189189189 24.6756756756757 0 23.6486486486486 -22.6756756756757 0.891891891891892 0 0 0.0380584666298952 0 0.000551571980143409 0 0 0 0 0 0 0 0 0 0 0.0213106020245072 0 0.0186467767714438 0 0 
0 8 151.666666666667 156.833333333333 20.75 0.00494626806307441 0.00637789859983193 0.0482955225261331 3 434148494.884244 589.333333333333 617 4 0.333333333333333 302.666666666667 0 292 -280.666666666667 11 0 0.0032967032967033 0 0 0.000549450549450549 0 0 0 0 0 0 0.000549450549450549 0 0 0.00053134962805526 0.00159404888416578 0 0.00053134962805526 0 0 
0 8 455.75 470.75 62.75 0.00658526948330394 0.00212765687657984 0.0320649224005025 2 849593092.942122 885 926.5 2 0.5 456 0 438 -422.5 17 0 0.00109709270433352 0 0.000548546352166758 0 0 0 0 0 0 0 0 0 0 0 0.000531067445565587 0 0 0 0 
0 5 182.7 188.9 25.5 0.00876113041569967 0.0127062613323857 0.0785571173427471 4 528657700.98553 443.5 464.75 2.5 0.25 228.25 0 219.25 -210.5 8.5 0 0.00164203612479475 0 0 0.000547345374931582 0 0 0 0 0 0 0.00218938149972633 0 0 0.00211752249867655 0.000529380624669137 0 0 0.000529380624669137 0 
0 8 304.666666666667 315.666666666667 43.3333333333333 0.00219297654836745 0.00423057352763062 0.0310713735282413 2 896847707.992765 888 930.5 3 0.5 458 0 438.5 -423.5 17 0 0 0 0 0.000547045951859956 0 0 0 0 0 0 0 0 0 0 0.00263991552270327 0 0 0 0 
0 5 27.3823529411765 28.3529411764706 3.83823529411765 0.00805703167376389 0.00311422747589607 0.0154447179062385 17 127169731.646633 106.352941176471 111.352941176471 4 2 54.9411764705882 0 52.6470588235294 -50.8235294117647 2 0 0 0.0182599355531686 0 0 0 0 0 0 0 0 0 0 0 0 0.00829875518672199 0 0.00933609958506224 0 0 
0 5 13.3379310344828 13.8 1.80689655172414 0.00258948140210639 0.00250030696025782 0.0153261248775047 37 37627228.8012604 50.8108108108108 53.1351351351351 3.91891891891892 1.94594594594595 26.2432432432432 0 25.1891891891892 -24.3243243243243 0.918918918918919 0 0 0.0372285418821096 0 0 0 0 0 0 0 0 0 0 0 0 0.0179910044977511 0 0.0184907546226887 0 0 
0 13 322.833333333333 334 43.8333333333333 0.00671274624749722 0.00149825364618775 0.0646970575090399 4 325666244.200315 471 492.75 1.5 0.5 243 0 233.5 -225.5 8.75 0 0.000516262261228704 0.000516262261228704 0.000516262261228704 0 0 0 0 0 0 0 0 0 0 0 0.000499001996007984 0 0.000998003992015968 0 0 
0 5 149.538461538462 154.615384615385 20.7692307692308 0.00206106622749357 0.00845845684261005 0.0224618409537372 3 530234665.066772 629.333333333333 659 4.33333333333333 0.333333333333333 323.333333333333 0 311.666666666667 -299.666666666667 11.6666666666667 0 0.00308641975308642 0 0 0.00051440329218107 0 0 0 0 0 0 0.00205761316872428 0 0 0.00199004975124378 0.000497512437810945 0 0.000497512437810945 0 0 
0 6 389.6 402.2 54.6 0.00410783422290939 4.20609489935855e-06 0.0220602997837133 3 598424140.355591 630.333333333333 660 1.66666666666667 0.666666666666667 324.666666666667 0 311.666666666667 -299.666666666667 11.6666666666667 0 0.00102669404517454 0 0 0.00102669404517454 0 0 0 0 0 0 0 0 0 0 0.000497265042267529 0 0 0 0 
0 6 650.333333333333 670.333333333333 91.6666666666667 0.00512768212927879 2.09154395791077e-09 0.0291711283628499 2 931730955.177795 946.5 991 1.5 0.5 487 0 467.5 -451 18 0 0.00102511532547412 0 0.000512557662737058 0 0 0 0 0 0 0 0 0 0 0 0 0 0 0 0 
0 6 390.8 402.6 55.4 0.00307324855789625 0.00794833581822729 0.0289861773587107 3 732256242.392599 632 661.666666666667 1.66666666666667 0.333333333333333 324.666666666667 0 311.666666666667 -301.333333333333 12.3333333333333 0 0.00102354145342886 0 0.000511770726714432 0 0 0 0 0 0 0 0 0 0 0 0.000993541977148535 0 0 0 0 
0 5 978 1006.5 139 0.0046027981843343 3.94850264194103e-06 0.0144927560336644 2 998647013.696299 949 993.5 1 0.5 487.5 0 467.5 -451.5 18.5 0 0.000511247443762781 0.000511247443762781 0 0 0 0 0 0 0 0 0 0 0 0 0 0 0 0 0 
0 5 33.1 34.05 4.63333333333333 0.00251994098599413 0.00930005088032435 5.21322159484332e-05 16 141480300.231019 120.5625 126.125 3.75 1.875 61.9375 0 59.375 -57.375 2.3125 0 0 0.0151057401812689 0 0 0 0 0 0 0 0 0 0 0 0 0.00734214390602056 0 0.00734214390602056 0 0 
0 6 14.4859154929577 14.887323943662 1.96478873239437 0.00291809428341565 0.00236958375159902 0.0573478571047167 36 39069947.1175283 55.5277777777778 58.0277777777778 3.94444444444444 1.94444444444444 28.5277777777778 0 27.4166666666667 -26.4444444444444 1.02777777777778 0 0.000486144871171609 0.0340301409820126 0 0 0 0 0 0 0 0 0 0 0 0 0.0160832544938505 0 0.0175023651844844 0 0 
0 8 121.470588235294 124.882352941176 16.6470588235294 0.00387550513040359 0.00282730550341573 0.0108033493183912 3 434702581.039176 667.666666666667 698.666666666667 5.66666666666667 2 343.666666666667 0 330 -316.333333333333 12.3333333333333 0 0.000968523002421308 0.00145278450363196 0 0.00145278450363196 0 0 0 0 0 0 0.00193704600484262 0 0 0.00188412623645784 0.000942063118228921 0 0.00141309467734338 0 0 
0 5 516.75 531.25 71 0.00242083962512356 0.00188368343788396 0.0352493075680225 2 849870195.019588 1003 1049.5 2 0.5 516.5 0 495.5 -476.5 18.5 0 0.000483792936623125 0.000483792936623125 0 0 0 0 0 0 0 0 0 0 0 0 0.000470588235294118 0 0.000470588235294118 0 0 
0 7 207.1 213.1 28.8 0.00338117858021493 0.00328572674023364 0.0244279489846112 3 704969337.006529 669.666666666667 701.333333333333 3.33333333333333 0.666666666666667 344.666666666667 0 330.333333333333 -317 12.3333333333333 0 0.000965717044905843 0 0 0.000965717044905843 0 0 0 0 0 0 0.00193143408981169 0 0 0.00187705302674801 0.000938526513374003 0 0 0 0 
0 5 188.454545454545 194.545454545455 26.7272727272727 0.0004840237233865 0.00467443258258889 0.0170898909829409 2 985003576.503265 1005.5 1054 5.5 0.5 518.5 0 495.5 -477.5 18.5 0 0.000482392667631452 0 0 0.000482392667631452 0 0 0 0 0 0 0.00192957067052581 0 0 0.00186915887850467 0.00233644859813084 0 0 0 0 
0 8 230.555555555556 238.555555555556 33.2222222222222 0.00578336579456549 0.00559137141713209 0.0401909360902439 3 750013801.834422 671.333333333333 704 3 0 346 0 330.333333333333 -319 12.3333333333333 0 0.000963855421686747 0 0 0 0 0 0 0 0 0 0.00192771084337349 0 0 0.00186306474149977 0.00139729855612483 0 0 0 0 
0 5 160 165.769230769231 23.3846153846154 0.00384893431047816 0.00278681734172489 0.0198690491318758 5 403010327.766884 403.8 423.8 2.6 0.6 208 0 198.2 -191.6 7.6 0 0.000961538461538462 0 0.000480769230769231 0.000961538461538462 0 0 0 0 0 0 0.00192307692307692 0 0 0.00185614849187935 0.00185614849187935 0 0 0 0 
0 6 130.375 135.3125 19.375 0.00383693621012008 0.00184886227128948 0.0129673195133286 7 238292596.109555 289.428571428571 303.857142857143 2.28571428571429 0.571428571428571 148.857142857143 0 141.571428571429 -137.714285714286 5.71428571428571 0 0.000958772770853308 0.000479386385426654 0.000958772770853308 0.000479386385426654 0 0 0 0 0 0 0.00191754554170662 0 0 0.00184757505773672 0.00277136258660508 0 0 0 0 
0 5 29.8450704225352 31.0281690140845 4.45070422535211 0.00236141431628604 0.00272439803099015 0.0190283775933966 21 71587164.100455 98.1904761904762 103.047619047619 3.38095238095238 1.47619047619048 50.4285714285714 0 47.9047619047619 -46.6190476190476 1.9047619047619 0 0.000943841434638981 0.0141576215195847 0 0.00047192071731949 0 0 0 0 0 0 0.00188768286927796 0 0 0.00181570585565138 0.00862460281434408 0 0.00680889695869269 0 0 
0 5 15.0965517241379 15.7103448275862 2.20689655172414 0.00182839717419657 0.00263508533715144 0.0188094636799794 37 36125000.4892015 57.6756756756757 60.4324324324324 3.91891891891892 1.89189189189189 29.6486486486486 0 28.1621621621622 -27.5405405405405 1.08108108108108 0 0 0.0319780721790772 0 0 0 0 0 0 0 0 0 0 0 0 0.0171202809482002 0 0.0158033362598771 0 0 
0 5 109.7 114.65 16.6 0.00227977593307849 0.00218169868527569 0.0151168959749397 6 216860476.581534 356.666666666667 374 3.33333333333333 0.5 182.833333333333 0 173.666666666667 -171.166666666667 6.83333333333333 0 0.000911577028258888 0 0.000455788514129444 0.000911577028258888 0 0 0 0 0 0 0.00182315405651778 0 0 0.00174443959877889 0.00479720889664195 0 0 0 0 
0 6 438.8 459.6 67.4 1.03909568508591e-06 0.00261191544764372 0.0178490115607565 3 493966113.527178 714.333333333333 749 1.66666666666667 0 366.333333333333 0 347.333333333333 -344.333333333333 13.6666666666667 0 0 0 0 0 0 0 0 0 0 0 0 0 0 0 0.00217580504786771 0 0 0 0 
0 5 366 383.666666666667 56.8333333333333 0.00591985475368656 0.00217315895545076 0.0176476510602955 4 439750996.381794 536.75 562.75 1.5 0.25 274.5 0 260.5 -259.5 10.5 0 0.000455373406193078 0 0.000455373406193078 0 0 0 0 0 0 0 0 0 0 0 0.00173761946133797 0 0 0 0 
0 5 122.666666666667 128.222222222222 19.5 0.00226717384726163 0.00216731939296163 0.0142952924531632 6 284131478.730299 359.166666666667 376.5 3 0.5 182 0 174 -173 7.16666666666667 0 0.00407608695652174 0 0.000452898550724638 0.000905797101449275 0 0 0 0 0 0 0.000905797101449275 0 0 0.000866551126516464 0.000866551126516464 0 0.000866551126516464 0 0 
0 6 368.833333333333 384.833333333333 59.1666666666667 0.00316415145677689 0.00086711447353528 0.0197585782886005 3 516389786.243433 719.333333333333 754 2 0.333333333333333 365.666666666667 0 348 -347 14.6666666666667 0 0.00180750112968821 0 0.000451875282422052 0 0 0 0 0 0 0 0 0 0 0 0.00043308791684712 0 0 0 0 
0 5 201.545454545455 210.545454545455 32.8181818181818 0.00315884715897915 0.00604527941039445 0.0222153977237911 3 593809224.747811 720.333333333333 755.666666666667 3.66666666666667 0.333333333333333 366.666666666667 0 348 -346.666666666667 14.6666666666667 0 0.0013531799729364 0 0 0.0004510599909788 0 0 0 0 0 0 0.0018042399639152 0 0 0.00172711571675302 0.00129533678756477 0 0 0 0 
0 7 554.5 579.75 91.25 0.000452280814769603 0.0030211493227298 0.0192389462951337 2 929423558.873905 1081.5 1134.5 2 0 551 0 522 -522 22 0 0.000450856627592426 0 0 0 0 0 0 0 0 0 0 0 0 0 0.00129366106080207 0 0 0 0 
0 5 82.6296296296296 86.4074074074074 13.6666666666667 0.00627541563460994 0.0025730909341289 0.0136022735671955 10 219446146.487391 217.7 228.4 2.7 1 110.6 0 104.9 -104.6 4.4 0 0.00134468848050202 0.00403406544150605 0 0.000448229493500672 0 0 0 0 0 0 0.00179291797400269 0 0 0.00171453064723532 0.00214316330904415 0 0.00171453064723532 0.00042863266180883 0 
0 5 31.4861111111111 32.9027777777778 5.15277777777778 0.00220832616481456 0.00211168133851166 0.0108183349691838 22 67476548.0676087 100.681818181818 105.545454545455 3.27272727272727 1.59090909090909 51.0909090909091 0 48.5454545454545 -48.1818181818182 2.04545454545455 0 0.000441111601235112 0.0136744596382885 0.000441111601235112 0.00132333480370534 0 0 0 0 0 0 0 0 0 0 0.0071760236386661 0 0.0075981426762347 0.000422119037568594 0 
0 54 18.7822580645161 19.6048387096774 2.99193548387097 0.0231868648888642 0.00164628205731736 2.91599325314928e-05 32 41641078.5333628 71.15625 74.5 3.875 1.9375 36.125 0 34.34375 -34.15625 1.40625 0 0 0.0266208673250322 0 0 0 0 0 0 0 0 0 0 0 0 0.0127519539284245 0 0.0127519539284245 0 0 
0 5 39.3166666666667 41.0166666666667 6.18333333333333 0.00212937128651499 0.022349307713148 7.85982008935115e-08 16 81667440.5333352 144.25 150.9375 3.75 1.875 73.1875 0 69.625 -69.25 2.8125 0 0 0.0127172530733362 0 0 0 0 0 0 0 0 0 0 0 0 0.00609508329947176 0 0.00609508329947176 0 0 
0 16 17.35 18.0785714285714 2.65714285714286 0.00658794951473302 0.00198433398171203 0.209677419566124 36 37408484.0703704 66.0833333333333 69.0555555555556 3.88888888888889 1.91666666666667 33.4722222222222 0 31.9166666666667 -31.75 1.25 0 0.000411692054343351 0.0284067517496912 0 0 0 0 0 0 0 0 0 0 0 0 0.0138285262741999 0 0.0138285262741999 0 0 
0 8 270.666666666667 281.444444444444 42 0.00328677666236237 0.00473824884878867 0.0217187233321855 2 651223235.035185 1191 1244.5 4.5 0.5 600.5 0 575 -571 22.5 0 0.00246305418719212 0 0 0.000410509031198686 0 0 0 0 0 0 0.000410509031198686 0 0 0.000394788787998421 0 0 0.000394788787998421 0 0 
0 5 221.818181818182 230.909090909091 34.9090909090909 0.00491937982650097 0.00826958198773574 0.0339107258420109 3 638753746.678395 795 831.333333333333 3.66666666666667 0.333333333333333 402 0 383.333333333333 -381 15 0 0.00122950819672131 0 0 0.00040983606557377 0 0 0 0 0 0 0.00163934426229508 0 0 0.0015748031496063 0.00118110236220472 0 0 0 0 
0 6 813.333333333333 847.666666666667 129 2.01613927315613e-06 0.00275590624537465 0.0181754799117365 1 1903791754.6784 2386 2495 3 0 1209 0 1150 -1147 45 0 0 0 0 0 0 0 0 0 0 0 0 0 0 0 0.00117970900511207 0 0 0 0 
0 7 407.166666666667 424.333333333333 65 0.00777732378884129 0.00314326626325427 0.020559424307466 4 792207444.919599 597.5 624.75 1.5 0.5 302 0 287.75 -287 11.25 0 0.000409332787556283 0.000409332787556283 0 0.000409332787556283 0 0 0 0 0 0 0 0 0 0 0.000785545954438335 0 0 0.000392772977219167 0 

