0 5 0.508196721311475 0.491803278688525 0 40807639.6774194 42167894.3 0 16 79064801.875 1.9375 1.9375 3.8125 1.9375 0.9375 0 0.9375 -0.9375 0 0
 0 1 0 0 0 0 0 0 0 0 0 0 0 0 0.5 0 0.5 0 0 

0 5 0.712328767123288 0.705479452054795 0 392381.19882134 409397.080582524 0 35 38402903.8821429 2.88571428571429 2.88571428571429 4.17142857142857 2.08571428571429 1.51428571428571 0 1.51428571428571 -1.42857142857143 0 0
 0 0.701923076923077 0 0 0 0 0 0 0 0 0 0 0 0 0.339805825242718 0 0.368932038834951 0 0 

0 6 26.5 26.25 0 3701.76602661641 3899.04838650023 0 1 1303439738.88214 102 103 4 2 55 0 55 -50 0 0
 0 0.0188679245283019 0 0 0 0 0 0 0 0 0 0 0 0 0 0 0.019047619047619 0 0 

0 8 27 26.75 0 34.3496854316335 36.5144709018713 0 1 2568476579.88214 103 105 4 2 57 0 57 -50 0 0
 0 0.0185185185185185 0 0 0 0 0 0 0 0 0 0 0 0 0 0 0.0186915887850467 0 0 

0 8 27.5 27.25 0 0.384997140287577 0.408389641301572 0 1 3833513428.88214 104 107 4 2 59 0 59 -50 0 0
 0 0.0181818181818182 0 0 0 0 0 0 0 0 0 0 0 0 0 0 0.018348623853211 0 0 

0 8 28 27.75 0 0.0748660458954248 0.0757512580297439 0 1 5098550285.88214 105 109 4 2 61 0 61 -50 0 0
 0 0.0178571428571429 0 0 0 0 0 0 0 0 0 0 0 0 0 0 0.018018018018018 0 0 

0 20 56.5 56 0 0.177653681822083 0.0363906362324084 0 2 3181793585.44107 53.5 55.5 1 0.5 31 0 31 -25 0 0
 0 0.00884955752212389 0 0 0 0 0 0 0 0 0 0 0 0 0 0 0.00892857142857143 0 0 

0 5 2.38333333333333 2.36666666666667 0 0.0362073684043502 0.169270356593186 0 16 277926904.715067 8.625 8.875 3.75 1.875 4.8125 0 4.8125 -4.0625 0 0
 0 0.20979020979021 0 0 0 0 0 0 0 0 0 0 0 0 0.105633802816901 0 0.105633802816901 0 0 

0 5 1.47945205479452 1.47260273972603 0 0.0233157748537238 0.0240431179376427 0 35 44084679.9632876 5.91428571428571 6.05714285714286 4.17142857142857 2.08571428571429 3.31428571428571 0 3.31428571428571 -2.82857142857143 0 0
 0 0.337962962962963 0 0 0 0 0 0 0 0 0 0 0 0 0.158139534883721 0 0.181395348837209 0 0 

0 6 27.5 27.375 0 0.0273787080675169 0.0138084160636422 0 2 654560787.481644 104.5 108 4 2 60 0 60 -49.5 0 0
 0 0.0181818181818182 0 0 0 0 0 0 0 0 0 0 0 0 0 0 0.0182648401826484 0 0 

0 7 16.0714285714286 16.2857142857143 0.214285714285714 0.0178994609247445 0.048306177263437 421678969.333333 4 479899423.120411 53.25 56 3.5 0.75 31 0 31 -24.5 0 0
 0.00888888888888889 0.0133333333333333 0 0 0 0 0 0 0 0 0.0177777777777778 0 0 0.0175438596491228 0.0043859649122807 0 0.0175438596491228 0 0 

0 5 22.9 23.4 0.7 0.0350126614014181 0.017300453748989 60239853.3333333 4 436234083.030103 54.25 57.5 2.5 1 32 0 31.5 -25.25 0 0
 0 0.0131004366812227 0 0.00436681222707424 0 0 0 0 0 0 0 0 0 0 0.0170940170940171 0 0.00854700854700855 0 0 

0 7 46 47.6 1.8 0.0175435333104409 0.0336861363602899 6693317.92592593 2 850635499.515051 109.5 116.5 2.5 0.5 65 0 64 -52 0 0
 0 0.00434782608695652 0 0 0 0 0 0 0 0 0 0 0 0 0.00840336134453781 0 0.00840336134453781 0 0 

0 7 38.8333333333333 40.1666666666667 1.66666666666667 0.0472855945635641 0.0208866644662253 669332.192592593 3 705224142.505017 74 79 2 1 44 0 43.3333333333333 -35.3333333333333 0.333333333333333 0
 0 0.00858369098712446 0.00429184549356223 0 0 0 0 0 0 0 0 0 0 0 0.004149377593361 0 0.00829875518672199 0 0 

0 5 29.75 30.5 1.75 0.021207082330099 0.0287741256740419 47810.0851851852 3 656753691.501672 75.3333333333333 80.3333333333333 2.66666666666667 0.333333333333333 43 0 43.6666666666667 -35 0.333333333333333 0
 0.0168067226890756 0 0 0.00420168067226891 0 0 0 0 0 0 0.00420168067226891 0 0 0.00409836065573771 0.00409836065573771 0 0.00409836065573771 0 0 

0 6 80.3333333333333 81.3333333333333 5.66666666666667 0.029133639345768 0.000117926744565746 2812.7697167756 1 1921790625.50167 227 242 3 0 130 0 131 -106 1 0
 0.012448132780083 0 0 0 0 0 0 0 0 0 0 0 0 0 0 0 0 0 0 

0 5 5.32 5.38 0.46 0.0301847129298713 0.0520450480548125 122.642161598939 12 265568964.458473 20.75 22.1666666666667 4.16666666666667 1.75 11.75 0 11.75 -9.33333333333333 0.0833333333333333 0
 0.0150375939849624 0.0676691729323308 0 0.0112781954887218 0 0 0 0 0 0 0.0150375939849624 0 0 0.0148698884758364 0.0408921933085502 0 0.0371747211895911 0 0 

0 5 3.03809523809524 3.05714285714286 0.219047619047619 0.0157686041157676 0.0188537228911365 5.33226789560605 26 58869458.3637874 11.5 12.1923076923077 4.03846153846154 2.03846153846154 6.65384615384615 0 6.5 -5.34615384615385 0.0384615384615385 0
 0 0.166144200626959 0 0 0 0 0 0 0 0 0 0 0 0 0.0747663551401869 0 0.0872274143302181 0 0 

0 8 5.19117647058824 5.22058823529412 0.338235294117647 0.0227075597850305 0.0141376161208201 0.231837734591567 16 82744150.7727367 20.625 21.8125 4.25 2.125 12 0 11.75 -9.625 0.0625 0
 0 0.0963172804532578 0 0 0 0 0 0 0 0 0 0 0 0 0.0422535211267606 0 0.0535211267605634 0 0 

0 8 39.7777777777778 39.8888888888889 2.66666666666667 0.0224097976530308 0.0223235031089716 0.676326572274649 4 336945278.693184 83.5 88.75 2.25 1 48.25 0 47.75 -38.5 0.25 0
 0.00279329608938547 0.00837988826815642 0 0.00279329608938547 0 0 0 0 0 0 0 0 0 0 0.00278551532033426 0 0.00557103064066852 0.00278551532033426 0 

0 8 45.25 45.375 3 0.0221613530321907 0.0221000647468567 0.028180273844777 3 533994082.564395 112.333333333333 119.666666666667 2.66666666666667 1.33333333333333 65.3333333333333 0 64.3333333333333 -53 1 0
 0 0.00552486187845304 0.00552486187845304 0 0 0 0 0 0 0 0 0 0 0 0.00550964187327824 0 0.00550964187327824 0 0 

0 7 36.5 37 2.7 0.0110196201452937 0.029789459634451 0.741784454586844 3 599677020.521465 113.333333333333 121.666666666667 3.33333333333333 0.333333333333333 66 0 65 -52 1 0
 0.00547945205479452 0.00273972602739726 0 0 0 0 0 0 0 0 0.010958904109589 0 0 0.0108108108108108 0.0027027027027027 0 0.00540540540540541 0 0 

0 8 45.875 47 4 0.0109292087742379 0.0213558230309427 0.273180764205839 3 621571335.173822 114.333333333333 123 2.66666666666667 0.666666666666667 67 0 65.3333333333333 -53.3333333333333 1 0
 0 0.00272479564032698 0 0.00272479564032698 0 0 0 0 0 0 0 0 0 0 0.0132978723404255 0 0.00265957446808511 0 0 

0 8 122.666666666667 126 11.3333333333333 0.0516601337194952 0.0212205180503464 0.243328846006054 2 943304169.586911 172.5 185.5 1.5 0.5 100.5 0 98 -82 2 0
 0 0 0.00271739130434783 0 0 0 0 0 0 0 0 0 0 0 0.00529100529100529 0 0 0 0 

0 5 9.26190476190476 9.5 0.80952380952381 0.0129862728373252 0.0201033095690485 0.00715673076488394 12 184028431.548909 30.5833333333333 32.75 3.5 1.75 17.5833333333333 0 17.1666666666667 -14.5 0.333333333333333 0
 0 0.0539845758354756 0 0 0 0 0 0 0 0 0 0 0 0 0.0275689223057644 0 0.025062656641604 0 0 

0 5 3.12162162162162 3.2027027027027 0.243243243243243 0.010850619638176 0.0105909352522554 0.361309909187913 37 39163930.9607813 11.7837837837838 12.5675675675676 4 1.91891891891892 6.75675675675676 0 6.62162162162162 -5.51351351351351 0.108108108108108 0
 0.00432900432900433 0.153679653679654 0 0 0 0 0 0 0 0 0.00865800865800866 0 0 0.00843881856540084 0.0675105485232067 0 0.0822784810126582 0 0 

0 5 12.9459459459459 13.3513513513514 1.05405405405405 0.0083733833395369 0.012167188128041 0.163110510491998 10 130420094.896078 45.2 48.3 3.7 1.7 26.2 0 25.5 -21.3 0.4 0
 0 0.0334029227557411 0 0.00208768267223382 0 0 0 0 0 0 0 0 0 0 0.0202429149797571 0 0.0202429149797571 0 0 

0 5 96.2 99.4 8.2 0.0145704228343857 0.00606069856766205 0.0771490368412682 2 697728557.948039 227 243 2.5 1 131.5 0 128 -108 2 0
 0 0.00415800415800416 0 0 0 0 0 0 0 0 0 0 0 0 0.00402414486921529 0 0.00201207243460765 0 0 

0 5 96.4 100.2 8.6 0.00832898427973939 0.0159801610749854 0.187840675275378 2 981382791.97402 228 244.5 2.5 0.5 132.5 0 129 -109 2 0
 0 0.0020746887966805 0 0 0 0 0 0 0 0 0 0 0 0 0.00399201596806387 0 0.00399201596806387 0 0 
