1 5 0.471014492753623 0.528985507246377 0.0869565217391304 19462066.9076923 17329237.6438356 105419529 41 30854496.2926829 1.4390243902439 1.58536585365854 3.36585365853659 1.34146341463415 0.658536585365854 0 0.75609756097561 -0.121951219512195 0.0487804878048781 0
 0.153846153846154 0.723076923076923 0.0307692307692308 0.0923076923076923 0 0 0 0 0 0 0.292307692307692 0 0 0.26027397260274 0.315068493150685 0 0.424657534246575 0 0 

1 5 1.48333333333333 1.81666666666667 0.466666666666667 218674.96525497 158983.877466382 3764983.35714286 22 58904038.6042129 3.68181818181818 4.04545454545455 2.72727272727273 0.454545454545455 1.90909090909091 0 1.86363636363636 0.318181818181818 0.0909090909090909 0
 0.157303370786517 0.0786516853932584 0 0.0337078651685393 0 0 0 0 0 0 0.269662921348315 0 0 0.220183486238532 0.018348623853211 0 0.0917431192660551 0 0 

1 5 1.17543859649123 1.56140350877193 0.517543859649123 1631.94003921619 893.19594082237 63813.3789346247 43 30789265.0373073 2.93023255813953 3.23255813953488 2.65116279069767 0.418604651162791 1.2093023255814 0 1.69767441860465 1.23255813953488 0.0465116279069767 0
 0.201492537313433 0.0298507462686567 0 0.104477611940299 0 0 0 0 0 0 0.246268656716418 0 0 0.185393258426966 0.0224719101123595 0 0.168539325842697 0.0112359550561798 0 

1 5 2.5 3.53225806451613 1.20967741935484 10.5544518659109 4.10591753800169 850.898385794996 28 46279415.322761 5.5 6 2.21428571428571 0.214285714285714 2.85714285714286 0 3.17857142857143 2.28571428571429 0.0714285714285714 0
 0.0967741935483871 0.0258064516129032 0 0.0129032258064516 0 0 0 0 0 0 0.154838709677419 0 0 0.10958904109589 0.0045662100456621 0 0.0730593607305936 0 0 

1 5 1.94736842105263 2.98947368421053 0.957894736842105 0.0894835235995185 0.0285419631619778 9.40547676697798 39 33623430.3416093 4.97435897435897 5.38461538461539 2.43589743589744 0.384615384615385 2.48717948717949 0 3.30769230769231 3.02564102564103 0.0512820512820513 0
 0.0810810810810811 0.027027027027027 0 0.0540540540540541 0 0 0 0 0 0 0.12972972972973 0 0 0.0845070422535211 0.00352112676056338 0 0.140845070422535 0 0 
