
1 5 1.78740157480315 2.90551181102362 0.921259842519685 0.0180153459189406 0.0163375120952899 0.123123733051094 50 25973156.0868322 4.92 5.34 2.54 0.48 2.34 0 3.48 3.16 0.1 0
 0.079295154185022 0.026431718061674 0.013215859030837 0.066079295154185 0 0 0 0 0 0 0.127753303964758 0 0 0.0785907859078591 0.029810298102981 0 0.119241192411924 0.002710027100271 0 

1 5 2.29824561403509 3.92982456140351 1.24561403508772 0.0191527303279349 0.0111971819466413 0.0360783361482471 51 25313873.2173889 5.82352941176471 6.33333333333333 2.23529411764706 0.254901960784314 2.62745098039216 0 4.15686274509804 3.92156862745098 0.137254901960784 0
 0.083969465648855 0.0114503816793893 0.00763358778625954 0.0305343511450382 0 0 0 0 0 0 0.137404580152672 0 0 0.0803571428571429 0.0111607142857143 0 0.0848214285714286 0 0 

1 5 3.22727272727273 5.84090909090909 1.79545454545455 0.0211941997546758 0.00780388556798957 0.0382030274439762 43 30008099.0050556 7.90697674418605 8.44186046511628 2.04651162790698 0.186046511627907 3.53488372093023 0 5.93023255813953 5.88372093023256 0.162790697674419 0
 0.0492957746478873 0 0 0.028169014084507 0 0 0 0 0 0 0.073943661971831 0 0 0.0408560311284047 0.00389105058365759 0 0.0836575875486381 0 0 

1 5 3.24742268041237 5.97938144329897 1.87628865979381 0.0127656958722371 0.0103582825613241 0.0221879287222196 45 28778721.9334457 8.57777777777778 9.02222222222222 2.15555555555556 0.177777777777778 3.42222222222222 0 6.62222222222222 6.75555555555556 0.155555555555556 0
 0.073015873015873 0 0 0.0253968253968254 0 0 0 0 0 0 0.0698412698412698 0 0 0.0379310344827586 0.00172413793103448 0 0.0741379310344828 0 0 

1 5 3.17592592592593 6.11111111111111 1.82407407407407 0.0146144772474409 0.00759145194327473 0.0254933397397067 52 24881021.4410278 8.42307692307692 8.78846153846154 2.07692307692308 0.25 3.38461538461538 0 6.69230769230769 7 0.192307692307692 0
 0.043731778425656 0 0.0087463556851312 0.0291545189504373 0 0 0 0 0 0 0.0787172011661808 0 0 0.0409090909090909 0.00454545454545455 0 0.0757575757575758 0 0 

1 5 3.875 7.57291666666667 2.28125 0.0134801464442136 0.0068880212543924 0.0229474581723274 41 31461351.6936836 11.7560975609756 12.1951219512195 2.34146341463415 0.170731707317073 4.53658536585366 0 9.41463414634146 10.0731707317073 0.24390243902439 0
 0.0591397849462366 0 0 0.0188172043010753 0 0 0 0 0 0 0.0779569892473118 0 0 0.0398899587345254 0 0 0.0522696011004127 0 0 

1 5 2.09132420091324 3.92694063926941 1.07762557077626 0.0131298693153804 0.00465917211773766 0.0212836756702217 76 17059154.6670222 7.69736842105263 7.96052631578947 2.88157894736842 0.947368421052632 3.15789473684211 0 6.11842105263158 5.81578947368421 0.131578947368421 0
 0.0305676855895196 0.135371179039301 0 0.0218340611353712 0 0 0 0 0 0 0.0524017467248908 0 0 0.027906976744186 0.0348837209302326 0 0.0906976744186047 0.00116279069767442 0 

1 5 2.71794871794872 5.04102564102564 1.28205128205128 0.00945873560248185 0.00509120973765792 0.0200851347026809 70 18315622.3238146 9.61428571428571 9.95714285714286 2.78571428571429 0.828571428571429 4.05714285714286 0 7.81428571428571 6.91428571428571 0.142857142857143 0
 0.0264150943396226 0.0905660377358491 0 0.0188679245283019 0 0 0 0 0 0 0.0452830188679245 0 0 0.0244150559511699 0.017293997965412 0 0.0803662258392675 0.00305188199389624 0 

1 5 5.54455445544554 10.4356435643564 2.65346534653465 0.00894546202786157 0.00474866338684787 0.0187316609503831 42 30555953.2219956 17.047619047619 17.7142857142857 2.4047619047619 0.333333333333333 7.26190476190476 0 14 12.4761904761905 0.238095238095238 0
 0.0285714285714286 0.0142857142857143 0 0.0107142857142857 0 0 0 0 0 0 0.05 0 0 0.0265654648956357 0.00189753320683112 0 0.038899430740038 0 0 

1 5 5.5607476635514 10.5233644859813 2.70093457943925 0.00841839573450061 0.00444471462112509 0.020826061110555 50 25911807.4444399 15.36 15.98 2.14 0.4 6.52 0.02 12.5 11.24 0.2 0
 0.0252100840336134 0.0117647058823529 0 0.0201680672268908 0.00168067226890756 0 0 0 0 0 0.0436974789915966 0 0 0.0230905861456483 0.00799289520426288 0 0.0310834813499112 0.00177619893428064 0 

1 5 7.57317073170732 14.4146341463415 3.70731707317073 0.00645478002533736 0.00507990246583852 0.013226401516811 41 31486493.4254741 19.7317073170732 20.5365853658537 2 0.317073170731707 8.36585365853658 0 16.0731707317073 14.5365853658537 0.24390243902439 0
 0.0209339774557166 0.00644122383252818 0 0.0144927536231884 0 0 0 0 0 0 0.0322061191626409 0 0 0.0169204737732657 0.00169204737732657 0 0.0287648054145516 0 0 

1 5 8.97222222222222 17.0694444444444 4.43055555555556 0.00774993000003922 0.00407248161307228 0.015715443264943 31 41823255.5621121 27.1290322580645 28.2903225806452 2.32258064516129 0.32258064516129 11.5483870967742 0 22 20.0645161290323 0.32258064516129 0
 0.0232198142414861 0.00619195046439629 0 0.00928792569659443 0 0 0 0 0 0 0.0371517027863777 0 0 0.0195280716029292 0 0 0.0179007323026851 0.00081366965012205 0 

1 5 6.1875 11.5535714285714 3.125 0.00866919181818187 0.00309433731191118 0.0171877584093284 42 31115659.2514789 21.1190476190476 22.0952380952381 2.66666666666667 0.428571428571429 8.88095238095238 0 16.8333333333333 15.6428571428571 0.238095238095238 0
 0.0418470418470418 0.0101010101010101 0 0.0158730158730159 0 0 0 0 0 0 0.0548340548340548 0 0 0.0293663060278207 0.00154559505409583 0 0.0193199381761978 0 0 

1 5 6.35652173913043 11.9217391304348 3.25217391304348 0.0054838155838826 0.00437862460781321 0.0107411437390624 47 27577661.6436485 19.8936170212766 20.8085106382979 2.4468085106383 0.319148936170213 8.4468085106383 0 16.0425531914894 15.1914893617021 0.212765957446809 0
 0.0314637482900137 0.00410396716826265 0 0.0164158686730506 0 0 0 0 0 0 0.039671682626539 0 0 0.0211524434719183 0.000729394602479942 0 0.0342815463165573 0 0 

1 5 9.4375 17.8375 4.8625 0.00662977988819057 0.00350692265214283 0.01288108263172 39 33143900.1447089 24.974358974359 26 2.05128205128205 0.282051282051282 10.6923076923077 0 20.1538461538462 19.1538461538462 0.307692307692308 0
 0.0172185430463576 0 0.00264900662251656 0.0119205298013245 0 0 0 0 0 0 0.0264900662251656 0 0 0.0140154169586545 0.0028030833917309 0 0.0224246671338472 0 0 

1 5 11.7121212121212 22.3484848484848 6 0.00647688199209339 0.003392208083154 0.00760828556220131 35 37090809.9469917 28.8285714285714 30 1.88571428571429 0.314285714285714 12.3142857142857 0 23.3714285714286 22.1428571428571 0.457142857142857 0
 0.00905562742561449 0 0.00517464424320828 0.00905562742561449 0 0 0 0 0 0 0.0155239327296248 0 0 0.00813559322033898 0.00271186440677966 0 0.0216949152542373 0 0 

1 5 21.6666666666667 41.7777777777778 11.0833333333333 0.00770061138716935 0.0026618299255872 0.0200691936981509 22 59187511.9975905 46.8636363636364 48.7272727272727 1.63636363636364 0.181818181818182 19.7727272727273 0 38.5 36.5909090909091 0.727272727272727 0
 0.00384615384615385 0 0 0.00512820512820513 0 0 0 0 0 0 0 0 0 0 0 0 0.019281914893617 0 0 

1 5 19.775 38.325 10.175 0.00633084780200653 0.00326331495755094 0.0123343223432387 19 69695893.2103995 55.3157894736842 57.5789473684211 2.10526315789474 0.157894736842105 22.8947368421053 0 45.6842105263158 43.5789473684211 0.842105263157895 0
 0.0101137800252845 0 0 0.00379266750948167 0 0 0 0 0 0 0.0101137800252845 0 0 0.00521852576647097 0 0 0.0136986301369863 0 0 

1 5 4.8121546961326 9.02762430939227 2.30386740331492 0.00574779661056488 0.0030619726529728 0.0072238233149718 55 24267824.6583709 20.6363636363636 21.5272727272727 3.29090909090909 1.30909090909091 8.6 0 16.9090909090909 15.2 0.290909090909091 0
 0.00918484500574053 0.0711825487944891 0 0.0114810562571757 0 0 0 0 0 0 0.0103329506314581 0 0 0.00550795593635251 0.018359853121175 0 0.0373317013463892 0.000611995104039168 0 

