2 5 7.14285714285714 8.45238095238095 4.80952380952381 0.0167627774233577 0.0141183549406277 0.024962613141425 13 105266914.325817 20.5384615384615 24.7692307692308 3.23076923076923 0.846153846153846 7.61538461538461 0 5.07692307692308 2.38461538461538 3.61538461538462 0 0.0366666666666667 0 0.0133333333333333 0.0233333333333333 0 0 0 0 0 0 0.03 0 0 0.0253521126760563 0.0169014084507042 0 0.0140845070422535 0 0 
2 5 14.8095238095238 17.3809523809524 9.95238095238095 0.00970020185666674 0.0164770365888784 0.0240428833164661 10 137030874.432582 27.7 33.4 2.1 0.5 10.6 0 7.1 3.8 4.7 0 0.0192926045016077 0 0 0.0160771704180064 0 0 0 0 0 0 0.0128617363344051 0 0 0.010958904109589 0.00273972602739726 0 0.010958904109589 0.00273972602739726 0 
2 5 10.030303030303 11.4545454545455 6.78787878787879 0.0181561939633132 0.0132711032713991 0.0224287628719485 10 140207271.143258 29 34.6 3.3 0.7 10.4 0 7.4 3.4 4.9 0 0.0392749244712991 0 0.00604229607250755 0.0151057401812689 0 0 0 0 0 0 0.0181268882175227 0 0 0.0158730158730159 0.0105820105820106 0 0.00793650793650794 0 0 
2 5 10.1428571428571 11.1142857142857 7 0.0169525526590516 0.00517550412152031 0.020499709236212 11 127749919.467569 27.5454545454545 32.7272727272727 3.18181818181818 0.545454545454545 9.36363636363636 0 6.90909090909091 3.27272727272727 4.45454545454545 0 0.0507042253521127 0 0 0.0169014084507042 0 0 0 0 0 0 0.0169014084507042 0 0 0.0154241645244216 0.0077120822622108 0 0.0051413881748072 0 0 
2 5 40.2222222222222 43.4444444444444 27.7777777777778 0.0138589849520968 0.010243415611564 0.0200819988369448 6 232131960.911261 51.5 60.8333333333333 1.5 0.333333333333333 19.3333333333333 0 12.6666666666667 4.33333333333333 8.5 0 0.0138121546961326 0 0.00552486187845304 0 0 0 0 0 0 0 0 0 0 0 0.0051150895140665 0 0 0 0 
2 5 19.5789473684211 21.0526315789474 13.6315789473684 0.0161662875939572 0.0175256085390289 0.0232435598410693 8 187146726.863908 39.75 46.75 2.375 0.125 14.625 0 9.625 4.125 6.375 0 0.0241935483870968 0 0 0.00268817204301075 0 0 0 0 0 0 0.021505376344086 0 0 0.02 0 0 0.0025 0 0 
2 5 21.0555555555556 22.8333333333333 14.8888888888889 0.0132352672495883 0.0170742715536229 0.01874344611881 8 181523573.232988 40.75 47.875 2.25 0.375 15.5 0 9.875 4.25 6.375 0 0.0105540897097625 0 0 0.0079155672823219 0 0 0 0 0 0 0.0105540897097625 0 0 0.0097323600973236 0.0121654501216545 0 0.0048661800486618 0 0 
2 5 34.7272727272727 38.0909090909091 24.5454545454545 0.00527024939070573 0.014360559120653 0.0185879386893289 6 241094239.372165 55.3333333333333 65 1.83333333333333 0.5 21.6666666666667 0 13.6666666666667 6 8.5 0 0 0 0 0.00785340314136126 0 0 0 0 0 0 0.00785340314136126 0 0 0.00715990453460621 0.00477326968973747 0 0.00477326968973747 0.00238663484486874 0 
2 5 10.025 11 7.1 0.0199632674548397 0.00912354672527421 0.0176710842911596 12 125511342.364347 28.8333333333333 33.9166666666667 3.33333333333333 0.75 10.6666666666667 0 7.08333333333333 3.16666666666667 4.41666666666667 0 0.0249376558603491 0 0.00498753117206983 0.0174563591022444 0 0 0 0 0 0 0.029925187032419 0 0 0.0272727272727273 0.0136363636363636 0 0.00454545454545455 0.00227272727272727 0 
2 5 11.6111111111111 12.75 8.25 0.0120094815010881 0.0109131231954799 0.0168945154353238 15 92703547.6909565 24.0666666666667 28.2666666666667 2.4 0.466666666666667 8.86666666666667 0.0666666666666667 5.8 2.26666666666667 3.66666666666667 0 0.0239234449760766 0 0.00478468899521531 0.00956937799043062 0.00239234449760766 0 0 0 0 0 0.0263157894736842 0 0 0.0239651416122004 0.0130718954248366 0 0 0.00435729847494553 0 
2 5 13.8709677419355 15.4193548387097 9.90322580645161 0.00933025460814206 0.0146671822660993 0.0195990049362714 13 104441955.822381 28.7692307692308 33.7692307692308 2.38461538461538 0.538461538461538 10.9230769230769 0 7.07692307692308 3.07692307692308 4.30769230769231 0 0.0116279069767442 0 0.00232558139534884 0.013953488372093 0 0 0 0 0 0 0.0186046511627907 0 0 0.0167364016736402 0.0125523012552301 0 0.0104602510460251 0 0 
2 5 12.7428571428571 14.2 9.05714285714286 0.0179581395843232 0.0100898736061692 0.0189892713089472 11 124498531.074762 35.1818181818182 41.2727272727273 3.18181818181818 0.818181818181818 13.2727272727273 0 8.81818181818182 3.72727272727273 5.27272727272727 0 0.015695067264574 0 0.00448430493273543 0.015695067264574 0 0 0 0 0 0 0.0201793721973094 0 0 0.0181086519114688 0.0100603621730382 0 0.00804828973843058 0.00201207243460765 0 
2 5 14.8709677419355 16.5483870967742 10.741935483871 0.0108849417344562 0.0136648925411426 0.0180750428567836 11 126321856.461342 36.2727272727273 42.6363636363636 2.81818181818182 0.454545454545455 13.4545454545455 0 8.90909090909091 3.54545454545455 5.27272727272727 0 0.0216919739696312 0 0 0.0108459869848156 0 0 0 0 0 0 0.0195227765726681 0 0 0.0175438596491228 0.0116959064327485 0 0.00194931773879142 0 0 
2 5 8.57894736842105 9.50877192982456 6.14035087719298 0.0122921982448557 0.0074052857795962 0.0143373572653051 20 69568187.6730671 21.1 24.8 2.85 0.65 7.75 0 5.2 2 3.15 0 0.0306748466257669 0 0.0102249488752556 0.016359918200409 0 0 0 0 0 0 0.032719836400818 0 0 0.029520295202952 0.0129151291512915 0 0.011070110701107 0 0 
2 5 10.2 11.42 7.4 0.00786723960440168 0.0105208498875299 0.0135522631277441 15 88974005.9115378 29.2 34.6 3.33333333333333 0.666666666666667 11.2 0 7.13333333333333 3.2 4.2 0 0.0215686274509804 0 0 0.0196078431372549 0 0 0 0 0 0 0.0333333333333333 0 0 0.0297723292469352 0.0157618213660245 0 0.00525394045534151 0 0 
2 5 14.6666666666667 16.3611111111111 10.5833333333333 0.00948459704470531 0.00850682657026745 0.0105342579084718 17 79647994.8183258 26.7647058823529 31.5882352941176 2.11764705882353 0.647058823529412 10.2352941176471 0 6.58823529411765 2.29411764705882 3.94117647058824 0 0.0132575757575758 0 0.00757575757575758 0.0132575757575758 0 0 0 0 0 0 0.00946969696969697 0 0 0.00848896434634975 0.0135823429541596 0 0.0067911714770798 0.00169779286926995 0 
2 5 31.4117647058824 35.2941176470588 22.9411764705882 0.00750839812180657 0.00834751137761711 0.0154116263023294 8 168086238.102291 57.875 68.25 2.125 0.25 22.5 0.125 14 4.25 8.375 0 0.00749063670411985 0 0 0.00187265917602996 0.00187265917602996 0 0 0 0 0 0.00936329588014981 0 0 0.00833333333333333 0.01 0 0 0 0 
2 5 29.9444444444444 34.0555555555556 21.9444444444444 0.00929036808556922 0.00817022432524897 0.0126972446235502 9 159236461.45581 52.4444444444444 61.7777777777778 2 0.333333333333333 20.6666666666667 0 12.5555555555556 3.55555555555556 7.66666666666667 0 0.00371057513914657 0 0.00371057513914657 0.00185528756957328 0 0 0 0 0 0 0.012987012987013 0 0 0.0114192495921697 0.00815660685154975 0 0.00163132137030995 0 0 
2 8 23.8260869565217 27.2608695652174 17.3913043478261 0.0109658583359226 0.0143670976464518 0.0225317431115589 10 142427838.245581 48.2 56.7 2.3 0.7 18.8 0 11.9 4.2 7 0 0.00364963503649635 0 0.00182481751824818 0.0109489051094891 0 0 0 0 0 0 0.0072992700729927 0 0 0.00637958532695375 0.00637958532695375 0 0.00956937799043062 0 0 
2 6 14.9210526315789 17 10.7368421052632 0.0158923560111745 0.00931016578583042 0.00495718564488127 16 87966860.5153488 31.125 36.6875 2.375 0.8125 11.8125 0 7.625 1.8125 4.9375 0 0.0105820105820106 0 0.0158730158730159 0.00705467372134039 0 0 0 0 0 0 0.0141093474426808 0 0 0.0123839009287926 0.0123839009287926 0 0.00309597523219814 0.00154798761609907 0 
2 6 30.4210526315789 34.4210526315789 21.6842105263158 0.0138683258754519 0.00460139169080402 0.0242838766641866 8 169126099.814419 63.375 74.625 2.375 0.875 24.25 0 15.75 5.25 10.125 0 0.0069204152249135 0 0.00346020761245675 0.00865051903114187 0 0 0 0 0 0 0.0069204152249135 0 0 0.00611620795107034 0 0 0.00611620795107034 0 0 
2 5 9.90163934426229 11.2950819672131 7.11475409836066 0.00664547736072095 0.0116177088413509 0.0115766909600557 17 84362825.9890834 31 36.7058823529412 3.58823529411765 0.529411764705882 11.4117647058824 0 7.76470588235294 2.76470588235294 4.88235294117647 0 0.0281456953642384 0 0.0033112582781457 0.0115894039735099 0 0 0 0 0 0 0.0364238410596026 0 0 0.0319303338171263 0.0101596516690856 0 0.00435413642960813 0.00435413642960813 0 
2 5 22.8888888888889 26 16.4444444444444 0.00971949106369049 0.00571455514079965 0.0112873348895497 11 122673161.271735 49 57.9090909090909 2.45454545454545 0.454545454545455 18.8181818181818 0 12.3636363636364 4.63636363636364 7.54545454545455 0 0.0145631067961165 0 0 0.00809061488673139 0 0 0 0 0 0 0.0113268608414239 0 0 0.00997150997150997 0.00284900284900285 0 0.00427350427350427 0.00142450142450142 0 
2 5 13.3125 15.1875 9.5625 0.00783993660573348 0.00686654945835501 0.00873918809344129 18 77095284.1262075 31 36.7222222222222 2.66666666666667 0.666666666666667 12 0 7.83333333333333 3.44444444444444 4.66666666666667 0 0.0140845070422535 0 0.00156494522691706 0.0172143974960876 0 0 0 0 0 0 0.0250391236306729 0 0 0.0219478737997256 0.00823045267489712 0 0.00685871056241427 0 0 
2 5 20.40625 23.34375 14.71875 0.00766897386922777 0.00670263259632979 0.0127574080426612 12 111844770.177184 47.5833333333333 56.4166666666667 2.66666666666667 0.583333333333333 18.5833333333333 0 12 4.66666666666667 7.08333333333333 0 0.0107197549770291 0 0.00153139356814701 0.00918836140888208 0 0 0 0 0 0 0.0122511485451761 0 0 0.0107095046854083 0.00937081659973226 0 0.00401606425702811 0 0 
2 5 14.2765957446809 16.5106382978723 10.3617021276596 0.00448236806835951 0.0077405961760262 0.0102931363614839 16 86055420.698574 36.8125 43.6875 2.9375 0.5 14.4375 0 9.3125 3.5625 5.4375 0 0.014903129657228 0 0.0029806259314456 0.00894187779433681 0 0 0 0 0 0 0.0238450074515648 0 0 0.0206185567010309 0.0103092783505155 0 0.00644329896907216 0 0 
2 5 21.4375 24.78125 15.40625 0.0102106156968927 0.00505389734700634 0.010162866402356 15 90073159.2465716 40.3333333333333 47.7333333333333 2.13333333333333 0.733333333333333 16 0 10.5333333333333 4.4 5.93333333333333 0 0.00583090379008746 0 0.00291545189504373 0.0131195335276968 0 0 0 0 0 0 0.00583090379008746 0 0 0.00504413619167718 0.00504413619167718 0 0.0113493064312736 0 0 
2 5 15.2826086956522 17.8695652173913 11.1086956521739 0.0057044247733953 0.0073054183666022 0.00980462400470128 12 112926260.937214 51.5 61.3333333333333 3.83333333333333 0.75 20.4166666666667 0 13.4166666666667 5.66666666666667 7.41666666666667 0 0.0113798008534851 0 0 0.0128022759601707 0 0 0 0 0 0 0.0227596017069701 0 0 0.0194647201946472 0.0121654501216545 0 0.00364963503649635 0 0 
2 5 9.89333333333333 11.44 7.18666666666667 0.00809394127327951 0.00467051913562541 0.00929462824490668 26 52998778.4206621 24.9615384615385 29.7307692307692 2.88461538461538 0.538461538461538 9.38461538461539 0 6.46153846153846 2.53846153846154 3.61538461538462 0 0.0336927223719677 0 0.00673854447439353 0.0121293800539084 0 0 0 0 0 0 0.0296495956873315 0 0 0.0256410256410256 0.00815850815850816 0 0.00699300699300699 0.00116550116550117 0 
2 5 14.2222222222222 16.4074074074074 10.3518518518519 0.00521887231936625 0.0067772804956384 0.00896117107020556 20 65902038.0210331 33.45 39.85 2.7 0.85 13.3 0 8.4 2.65 5.1 0 0.01171875 0 0.0104166666666667 0.01171875 0 0 0 0 0 0 0.015625 0 0 0.0135440180586907 0.018058690744921 0 0 0 0 
2 5 26.9310344827586 31.1034482758621 19.5862068965517 0.00896955041270085 0.0055507508652945 0.0105791569913208 12 110912002.251753 56.8333333333333 67.6666666666667 2.41666666666667 0.5 22.75 0 14.5 5.16666666666667 8.58333333333333 0 0.0089628681177977 0 0.00128040973111396 0.00640204865556978 0 0 0 0 0 0 0.0102432778489117 0 0 0.00886917960088692 0.00221729490022173 0 0.00554323725055432 0.00110864745011086 0 
2 5 26.4666666666667 30.6333333333333 19.2 0.00504908003830315 0.00653487568102861 0.00869892214755438 11 125086726.841068 63.0909090909091 75 2.72727272727273 0.818181818181818 25.3636363636364 0 16.4545454545455 5.72727272727273 9.54545454545454 0 0.00503778337531486 0 0.00251889168765743 0.00881612090680101 0 0 0 0 0 0 0.00503778337531486 0 0 0.0043525571273123 0.00652883569096844 0 0.00544069640914037 0.00217627856365615 0 
2 5 50.125 57.9375 36.3125 0.00873447516214252 0.00432204409458579 0.0103419947024915 8 173766090.605134 87.75 104.125 2 0.5 34.875 0 23 7 13.375 0 0.00498753117206983 0 0.00249376558603491 0.00249376558603491 0 0 0 0 0 0 0.00124688279301746 0 0 0.00107874865156419 0.00431499460625674 0 0.00215749730312837 0.00107874865156419 0 
2 6 24.6666666666667 28.7272727272727 17.8787878787879 0.00615323645597315 0.0105530823249943 0.0135768508384788 13 110677545.81578 55 65.3846153846154 2.53846153846154 0.461538461538462 21.9230769230769 0 14.2307692307692 4.46153846153846 8.46153846153846 0 0.00737100737100737 0 0.00368550368550369 0.00368550368550369 0 0 0 0 0 0 0.0171990171990172 0 0 0.0147679324894515 0.00632911392405063 0 0 0.00105485232067511 0 
2 5 21.9210526315789 25.4473684210526 15.7894736842105 0.00961122837509721 0.00414741787210444 0.00668929475139747 13 105824581.447368 56.0769230769231 66.6923076923077 2.92307692307692 0.923076923076923 22.3846153846154 0 14.4615384615385 5.07692307692308 8.76923076923077 0 0.00840336134453781 0 0.00480192076830732 0.00960384153661465 0 0 0 0 0 0 0.014405762304922 0 0 0.0124095139607032 0.00413650465356774 0 0.0031023784901758 0 0 
2 5 38.4090909090909 44.4090909090909 27.5909090909091 0.00474510204541432 0.00614549377468997 0.00989569900288533 9 152318510.716374 82 97.5555555555556 2.44444444444444 1.11111111111111 33.1111111111111 0 20.8888888888889 6.22222222222222 13.3333333333333 0 0.00236686390532544 0 0.00710059171597633 0.00473372781065089 0 0 0 0 0 0 0.00473372781065089 0 0 0.00409416581371546 0.00614124872057318 0 0 0 0 
2 5 26.1212121212121 30.0909090909091 18.8181818181818 0.00696606160330094 0.00403438619715477 0.00645715893559241 11 128850957.610579 68.1818181818182 81.0909090909091 3 0.818181818181818 26.8181818181818 0 17.5454545454545 5.36363636363636 11.1818181818182 0 0.00928074245939675 0 0.00348027842227378 0.00696055684454756 0 0 0 0 0 0 0.00580046403712297 0 0 0.00503524672708963 0.00604229607250755 0 0.00302114803625378 0.00201409869083585 0 
2 6 72.0833333333333 83.5 51.9166666666667 0.00694446943537954 0.00499404629360994 0.00643091036747286 7 199127569.515797 108.142857142857 128.428571428571 1.71428571428571 0.285714285714286 43.1428571428571 0 28.1428571428571 7 17.8571428571429 0 0.00115606936416185 0 0.0023121387283237 0 0 0 0 0 0 0 0 0 0 0 0.00499001996007984 0 0 0.00399201596806387 0 
2 5 72.3333333333333 84.25 52.25 8.00054082416997e-06 0.00692877749386114 0.0127694272892623 6 244028266.752633 127.166666666667 151 2 0.166666666666667 50.5 0 33 8 21 0 0.00230414746543779 0 0.00115207373271889 0 0 0 0 0 0 0 0.00460829493087558 0 0 0.0039564787339268 0.0039564787339268 0 0 0.000989119683481701 0 
2 15 54.75 63.6875 39.25 0.0102739817357772 0.0147271136187378 2.03334829446852e-05 8 188633788.094079 96.375 114.25 2 0.875 38 0 25 5.375 16.375 0 0.00114155251141553 0 0.00570776255707763 0.00228310502283105 0 0 0 0 0 0 0.00114155251141553 0 0 0.00098135426889107 0.00490677134445535 0 0.00196270853778214 0 0 
2 5 67.6923076923077 79.0769230769231 48.5384615384615 0.0136480386156088 0.00487813921558243 0.0316957533018747 6 242279306.349013 129.5 153.666666666667 2.16666666666667 0.333333333333333 51.1666666666667 0 33.3333333333333 7.5 22.1666666666667 0 0.00227272727272727 0 0.00227272727272727 0 0 0 0 0 0 0 0.00681818181818182 0 0 0.00583657587548638 0.00291828793774319 0 0 0 0 
2 5 40.3636363636364 47.3636363636364 29.0454545454545 0.0101505045479906 0.00384345310865219 0.00630938302551154 9 167480151.705446 87.3333333333333 103.666666666667 2.44444444444444 0.444444444444444 34.3333333333333 0 22.4444444444444 5.66666666666667 14.8888888888889 0 0.0045045045045045 0 0.00112612612612613 0.00337837837837838 0 0 0 0 0 0 0.00900900900900901 0 0 0.00767754318618042 0.00383877159309021 0 0.00191938579654511 0 0 
2 7 59.6 70.0666666666667 43 0.00448562696258164 0.00761545523606913 0.0124128827643806 6 238753702.284241 132 156.5 2.5 1 52.1666666666667 0 33.8333333333333 7.16666666666667 22.6666666666667 0 0 0 0.00223713646532438 0.00447427293064877 0 0 0 0 0 0 0 0 0 0 0.00761179828734539 0 0.000951474785918173 0 0 
2 6 112.125 132 81 0.0122680999185759 0.00379509039321597 0.0061919951894512 4 375948944.07106 199 236 2 0.25 78.25 0 50.75 10.25 34.25 0 0.00222965440356745 0 0.00111482720178372 0 0 0 0 0 0 0 0.00445930880713489 0 0 0.00378787878787879 0.000946969696969697 0 0 0 0 
2 8 25.3333333333333 29.9166666666667 18.3055555555556 0.00878538168850721 0.00743156461503548 0.0182188042415621 12 136749252.172588 67.5 80.0833333333333 3 0.333333333333333 26.1666666666667 0 17.25 4.58333333333333 11.4166666666667 0 0.0120614035087719 0 0 0.0043859649122807 0 0 0 0 0 0 0.0175438596491228 0 0 0.0148560817084494 0.000928505106778087 0 0.00371402042711235 0 0 
2 5 46 54.45 33.15 0.00544433193661794 0.00643473972875577 0.00756895747246088 9 155754593.241399 91 108 2.22222222222222 0.444444444444444 36.1111111111111 0 23.4444444444444 7 15.2222222222222 0 0.00434782608695652 0 0 0.00434782608695652 0 0 0 0 0 0 0.00869565217391304 0 0 0.00734618916437098 0 0 0.00367309458218549 0 0 
2 5 30.2258064516129 35.5806451612903 21.7096774193548 0.00534198968189607 0.00544554373502154 0.00744066709877037 13 109292052.710877 64.0769230769231 75.9230769230769 2.38461538461538 0.692307692307692 24.9230769230769 0 16.7692307692308 5.69230769230769 10.5384615384615 0 0.00853788687299893 0 0 0.0096051227321238 0 0 0 0 0 0 0.00533617929562433 0 0 0.00453309156844968 0.00181323662737987 0 0.00634632819582956 0 0 
2 5 25.8918918918919 30.2432432432432 18.6756756756757 0.00522478287023162 0.00447314168340931 0.00724665798422398 11 124939468.064625 76.9090909090909 91.1818181818182 3.36363636363636 0.454545454545455 29.2727272727273 0 20.1818181818182 6.72727272727273 12.4545454545455 0 0.0167014613778706 0 0 0.00521920668058455 0 0 0 0 0 0 0.0104384133611691 0 0 0.00893655049151028 0.00178731009830206 0 0.00357462019660411 0 0 
2 6 42.0434782608696 49.2608695652174 30.5217391304348 0.00621016006501575 0.00176917311710804 0.00855733142162995 10 138998157.106463 85.6 101.6 2.3 0 33.5 0 22.2 7.3 13.7 0 0.0093071354705274 0 0 0 0 0 0 0 0 0 0.0124095139607032 0 0 0.0105913503971756 0.00176522506619594 0 0 0 0 
2 5 51.3157894736842 60.2105263157895 37.0526315789474 0.00410893349750258 0.00874280522125621 0.005693973482133 9 156004473.900718 96.1111111111111 114 2.11111111111111 0.666666666666667 38.2222222222222 0 25.4444444444444 9.77777777777778 15.2222222222222 0 0.00205128205128205 0 0 0.00615384615384615 0 0 0 0 0 0 0.0041025641025641 0 0 0.0034965034965035 0 0 0.00611888111888112 0 0 
2 5 42.9130434782609 50.2173913043478 30.8695652173913 0.00608319040881206 0.00347077299153356 0.00845872390631286 8 177630823.36259 109.125 129.5 2.875 1 43 0 28.75 9.875 17.625 0 0.00405268490374873 0 0.00405268490374873 0.00405268490374873 0 0 0 0 0 0 0.00405268490374873 0 0 0.00346320346320346 0.00519480519480519 0 0.000865800865800866 0 0 
2 5 29.4411764705882 34.5588235294118 21.1764705882353 0.00500108210830051 0.00425827299829067 0.0069561926720921 9 160296993.484732 98.2222222222222 116.888888888889 3.77777777777778 0.444444444444444 38.6666666666667 0 26 10.3333333333333 15.6666666666667 0 0.00999000999000999 0 0 0.003996003996004 0 0 0 0 0 0 0.015984015984016 0 0 0.0136170212765957 0 0 0.00340425531914894 0 0 
2 6 42.125 49.5416666666667 30.2916666666667 0.00297230571919713 0.00589088164255533 0.00413611580835226 12 118778259.790394 74.6666666666667 88.75 2 0.75 29.9166666666667 0 19.8333333333333 8 11.75 0 0.000989119683481701 0 0 0.00890207715133531 0 0 0 0 0 0 0.0039564787339268 0 0 0.00336417157275021 0.00504625735912532 0 0.00168208578637511 0.00168208578637511 0 
2 5 72.7142857142857 85.4285714285714 52.1428571428571 0.00786146591917406 0.00334940709167438 0.0109645700216553 7 197688626.970056 129 153.285714285714 2 0.571428571428571 51.2857142857143 0 34.4285714285714 13.5714285714286 20.1428571428571 0 0.00294695481335953 0 0 0.00392927308447937 0 0 0 0 0 0 0.00392927308447937 0 0 0.00334448160535117 0 0 0.00167224080267559 0.000836120401337793 0 
2 7 27.9459459459459 32.8918918918919 20.027027027027 0.00290895693028934 0.00657629367879349 0.00271385232121681 10 146273075.697006 91.4 108.9 3.7 0.7 36 0 24.5 9.9 14.3 0 0.00870406189555126 0 0.00193423597678917 0.00483558994197292 0 0 0 0 0 0 0.0125725338491296 0 0 0.0106820049301561 0.00328677074774034 0 0.00328677074774034 0 0 
2 6 24.5116279069767 28.8372093023256 17.5581395348837 0.00949042595534183 0.00323110991425709 0.0119241243077102 14 100808229.621215 66.3571428571429 79.2142857142857 3.07142857142857 0.571428571428571 26.1428571428571 0 17.7857142857143 7.92857142857143 10.2857142857143 0 0.0113851992409867 0 0.00094876660341556 0.00664136622390892 0 0 0 0 0 0 0.0161290322580645 0 0 0.0137096774193548 0.00161290322580645 0 0.0032258064516129 0 0 
2 6 38.0357142857143 44.8928571428571 27.1071428571429 0.0018868454703806 0.00636693007948628 0.00396827947866629 13 105065413.66317 72.4615384615385 86.4615384615385 2.15384615384615 0.538461538461538 29.0769230769231 0 19.5384615384615 8.53846153846154 11.3076923076923 0 0.00375586854460094 0 0.0028169014084507 0.00375586854460094 0 0 0 0 0 0 0.00751173708920188 0 0 0.00636435958631663 0.00318217979315831 0 0.00397772474144789 0 0 
2 6 17.6612903225806 20.7903225806452 12.6129032258065 0.00730765921960765 0.00465971057415011 0.0115140259328372 21 65243217.4125319 46 54.9523809523809 2.95238095238095 0.428571428571429 17.8095238095238 0 12.5238095238095 6.33333333333333 7 0 0.0191780821917808 0 0 0.00821917808219178 0 0 0 0 0 0 0.0191780821917808 0 0 0.0162916989914663 0.00155159038013964 0 0.00698215671062839 0 0 
2 5 27.2439024390244 31.9024390243902 19.609756097561 0.00537807310583671 0.00382619243927687 0.0087207885894687 18 73904743.078474 54.7222222222222 65.2222222222222 2.27777777777778 0.555555555555556 21.4444444444444 0 14.8333333333333 7.16666666666667 8.16666666666667 0 0.0107430617726052 0 0 0.00895255147717099 0 0 0 0 0 0 0.0044762757385855 0 0 0.00382262996941896 0.00764525993883792 0 0.00305810397553517 0 0 
2 5 23.3061224489796 27.1836734693878 16.8571428571429 0.00613430654387551 0.00375662627060006 0.007274480373595 16 83684181.6924046 62.75 74.8125 3.0625 0.5625 24.4375 0 16.9375 7.8125 9.25 0 0.0140105078809107 0 0.000875656742556918 0.00700525394045534 0 0 0 0 0 0 0.0113835376532399 0 0 0.00975975975975976 0.00525525525525526 0 0.00225225225225225 0.000750750750750751 0 
2 5 50.0434782608696 58.5217391304348 36.4347826086956 0.00434937819856114 0.00520338530926493 0.00716858529877517 11 122611486.517491 92.2727272727273 109.909090909091 2.09090909090909 0.363636363636364 36.7272727272727 0 24.7272727272727 10.0909090909091 13.6363636363636 0 0.00434404865334492 0 0.00173761946133797 0.00173761946133797 0 0 0 0 0 0 0.00347523892267593 0 0 0.00297176820208024 0.00668647845468053 0 0 0.000742942050520059 0 
2 5 46.52 54.36 33.84 0.0051628111592421 0.00294716952561388 0.00355457279586144 8 173456707.689686 128 152.5 3.125 1.125 51.125 0 34.375 14.25 19 0 0.00257953568357696 0 0.00171969045571797 0.0060189165950129 0 0 0 0 0 0 0.00343938091143594 0 0 0.00294334069168506 0.00441501103752759 0 0.0022075055187638 0 0 
2 6 83.4285714285714 97.7142857142857 60.7857142857143 0.00342907774928017 0.0051191134280158 0.00940488198918433 7 205499841.098527 147.285714285714 175.428571428571 2 0.285714285714286 58.7142857142857 0 39.4285714285714 15.2857142857143 21.8571428571429 0 0.00256849315068493 0 0.000856164383561644 0.000856164383561644 0 0 0 0 0 0 0.00342465753424658 0 0 0.00292397660818713 0.00292397660818713 0 0 0.000730994152046784 0 
2 8 73.5 86 53.4375 0.0110573376511473 0.00436418540220059 0.012876496937999 8 183817754.262316 129.875 154.625 2 0.5 51.5 0 34.875 14 19.25 0 0.00340136054421769 0 0.000850340136054422 0.00255102040816327 0 0 0 0 0 0 0.00340136054421769 0 0 0.00290697674418605 0.000726744186046512 0 0.00145348837209302 0.000726744186046512 0 
2 5 107.454545454545 125.545454545455 77.8181818181818 0.00423947321290283 0.00507195089457075 0.00585616413193691 6 241476658.710386 174.166666666667 207.166666666667 1.83333333333333 0.833333333333333 69.1666666666667 0 47 18.5 26 0 0.000846023688663283 0 0.00169204737732657 0.00253807106598985 0 0 0 0 0 0 0 0 0 0 0.00144822592324403 0 0.00144822592324403 0.000724112961622013 0 
2 5 54.0909090909091 63.4090909090909 39.1818181818182 0.00420524325480076 0.00430471107591009 0.00580725773101153 9 167390984.634487 117.111111111111 139.444444444444 2.44444444444444 0.222222222222222 46.2222222222222 0 31.3333333333333 12.4444444444444 17.5555555555556 0 0.00504201680672269 0 0.00168067226890756 0 0 0 0 0 0 0 0.0100840336134454 0 0 0.00860215053763441 0.0014336917562724 0 0 0 0 
2 5 52.1304347826087 61.2608695652174 37.695652173913 0.00250559236301485 0.00497111760899639 0.00577371079323069 8 179054148.829311 132.875 158.375 2.875 0.625 52.875 0 35.875 15.75 19.75 0 0.00333611342785655 0 0 0.00417014178482068 0 0 0 0 0 0 0.00667222685571309 0 0 0.0056777856635912 0.0007097232079489 0 0.0035486160397445 0 0 
2 5 35.7058823529412 42 25.7647058823529 0.00576812651759721 0.00210432151093067 0.00343124852830278 12 120341363.319109 89.5833333333333 106.916666666667 2.83333333333333 0.75 35.5833333333333 0 24.25 11.25 13.25 0 0.00494233937397035 0 0.000823723228995058 0.00658978583196046 0 0 0 0 0 0 0.00988467874794069 0 0 0.00840336134453781 0.00210084033613445 0 0.00280112044817927 0 0 
2 5 93.7692307692308 110.461538461538 67.7692307692308 0.00410645457466579 0.00348335955536973 0.00794941117880625 7 197911940.188444 154.571428571429 184.285714285714 1.85714285714286 0.571428571428571 61.7142857142857 0 41.8571428571429 18 22.8571428571429 0 0.000820344544708778 0 0.000820344544708778 0.00246103363412633 0 0 0 0 0 0 0 0 0 0 0.00417827298050139 0 0.00139275766016713 0 0 
2 6 87.2857142857143 103.357142857143 63.3571428571429 0.00245835225415275 0.00553108732519376 0.00677333642748456 5 292590832.237689 217.4 259.6 2.8 0 86.8 0 58.6 25 32 0 0.00245499181669394 0 0 0 0 0 0 0 0 0 0.00654664484451719 0 0 0.0055286800276434 0.00207325501036628 0 0 0 0 
2 5 24.9 29.48 18 0.0064276773913688 0.00271745663997639 0.00445197037380832 16 97352066.3273555 69.125 82.5625 3.125 0.75 27.3125 0 18.625 8.1875 10.3125 0 0.00883534136546185 0 0.00401606425702811 0.00562248995983936 0 0 0 0 0 0 0.01285140562249 0 0 0.0108548168249661 0.00407055630936228 0 0.0033921302578019 0 0 
2 5 41.9666666666667 49.6666666666667 30.2666666666667 0.00397651126083508 0.00335752849438925 0.00441018939468481 14 97313878.5948111 80.0714285714286 95.5 2.14285714285714 0.785714285714286 32 0 21.6428571428571 9.64285714285714 11.9285714285714 0 0.00238284352660842 0 0.00158856235107228 0.00714853057982526 0 0 0 0 0 0 0.00317712470214456 0 0 0.00268456375838926 0.00469798657718121 0 0.00335570469798658 0 0 
2 6 60.3333333333333 71.5714285714286 43.5714285714286 0.00316020245561234 0.00465958584730166 0.0065621969283002 7 194622302.656402 161.142857142857 192.571428571429 3 0.428571428571429 64.4285714285714 0 43.5714285714286 19 23.8571428571429 0 0.00394632991318074 0 0 0.00236779794790845 0 0 0 0 0 0 0.00631412786108919 0 0 0.0053226879574185 0.00199600798403194 0 0.00133067198935462 0 0 
2 5 58.1818181818182 68.7272727272727 41.9545454545455 0.00547121890816845 0.00264858438217414 0.00759107496958646 9 162184949.7396 126.444444444444 151 2.44444444444444 0.555555555555556 50.1111111111111 0 34.3333333333333 15.5555555555556 18.5555555555556 0 0.00625 0 0 0.00390625 0 0 0 0 0 0 0.00390625 0 0 0.00330687830687831 0 0 0.00264550264550265 0 0 
2 6 53.7083333333333 63.625 38.7916666666667 0.00233163011552224 0.00458588643378008 0.00645283681521975 6 237871199.623267 191 228.5 4 0.333333333333333 76.6666666666667 0 51.8333333333333 23.6666666666667 27.8333333333333 0 0.00543056633048875 0 0 0.00155159038013964 0 0 0 0 0 0 0.00930954228083786 0 0 0.00785854616895874 0.000654878847413229 0 0.00130975769482646 0 0 
2 5 40.78125 48.21875 29.28125 0.00459948783916898 0.00324341275854425 0.00534306599446662 15 100194230.241551 77.4 92.5333333333333 2.13333333333333 0.8 31 0 21.1333333333333 9.73333333333333 11.4 0 0.00306513409961686 0 0.00306513409961686 0.00613026819923372 0 0 0 0 0 0 0.00306513409961686 0 0 0.00259235255994815 0.00388852883992223 0 0.00388852883992223 0 0 
2 7 119.181818181818 140.727272727273 85.6363636363636 0.00686849693961798 0.00129408489196288 0.00743666992143786 6 227539415.540259 194.5 232.5 1.83333333333333 0.333333333333333 77.8333333333333 0 52.8333333333333 24.1666666666667 28.5 0 0.0030511060259344 0 0 0.0015255530129672 0 0 0 0 0 0 0.0030511060259344 0 0 0.00258397932816537 0.000645994832041344 0 0 0 0 
2 5 131.5 155.4 94.4 0.00380750456041036 0.00450533724896523 0.00530448799779813 5 298516336.708052 234.4 280.2 2 0.4 94.2 0 63.8 29.8 34.2 0 0.00152091254752852 0 0 0.00152091254752852 0 0 0 0 0 0 0.00304182509505703 0 0 0.00257400257400257 0 0 0.00128700128700129 0 0 
2 5 55.2083333333333 65.3333333333333 39.5416666666667 0.00377645849400786 0.00382940391406184 0.0031668118946236 8 195444825.963506 147.5 176.5 3 0.875 59.25 0 40.125 18.75 21.75 0 0.00226415094339623 0 0.00226415094339623 0.0030188679245283 0 0 0 0 0 0 0.0060377358490566 0 0 0.00510204081632653 0.00255102040816327 0 0.00127551020408163 0 0 
2 5 78.5294117647059 92.6470588235294 56.1176470588235 0.0037481471599206 0.00317703454216766 0.00734084571477424 7 208641014.566215 169.714285714286 202.857142857143 2.42857142857143 0.714285714285714 67.5714285714286 0 46.1428571428571 20.5714285714286 25.2857142857143 0 0.00374531835205993 0 0.00224719101123596 0.00149812734082397 0 0 0 0 0 0 0.000749063670411985 0 0 0.000634920634920635 0.00253968253968254 0 0.000634920634920635 0.000634920634920635 0 
2 5 223.166666666667 262.833333333333 159.333333333333 0.00448375515097828 0.00190436083357144 0.00628382933652173 4 368420824.641554 298 356 1.5 0.5 119 0 81.25 37.25 44.25 0 0.00149365197908887 0 0 0.00149365197908887 0 0 0 0 0 0 0 0 0 0 0 0 0.00126823081800888 0 0 
2 5 56.25 66.25 40.1666666666667 0.00370702500381554 0.00566157506970665 0.00519324048686361 8 204182889.205194 150.125 179.5 3 0.625 59.625 0 40.75 18.5 22.375 0 0.00444444444444444 0 0.00148148148148148 0.00222222222222222 0 0 0 0 0 0 0.00592592592592593 0 0 0.0050314465408805 0.00251572327044025 0 0.000628930817610063 0 0 
2 5 59.0434782608696 69.7826086956522 42.3913043478261 0.00294823786819132 0.00374184521811197 0.00513353152870448 7 209889311.743599 172.714285714286 206.714285714286 3.28571428571429 0.428571428571429 69 0 46.7142857142857 21.1428571428571 25.5714285714286 0 0.00368188512518409 0 0 0.00220913107511046 0 0 0 0 0 0 0.00589101620029455 0 0 0.00498442367601246 0.00373831775700935 0 0.000623052959501558 0 0 
2 6 44.1935483870968 52.3870967741936 31.9354838709677 0.00365178703494029 0.00369688537267125 0.00606579144598859 8 184366451.21795 152.375 182.5 3.875 0.75 61 0 41.125 18.25 22.375 0 0.00437956204379562 0 0 0.00437956204379562 0 0 0 0 0 0 0.00583941605839416 0 0 0.00492610837438424 0.00554187192118227 0 0.00123152709359606 0 0 
2 7 125 148.181818181818 90.4545454545455 0.00727538311784359 0.00306975269041268 0.00804629727783516 6 241568126.536325 204.166666666667 244.5 1.83333333333333 0.5 82.1666666666667 0 55.3333333333333 23.6666666666667 29.8333333333333 0 0.00145454545454545 0 0 0.00218181818181818 0 0 0 0 0 0 0 0 0 0 0.00184049079754601 0 0.00184049079754601 0 0 
2 5 125.454545454545 148.727272727273 90.6363636363636 0.00362846042254916 0.0042806049833071 0.00101107953588549 7 215230062.790904 176 210.571428571429 1.57142857142857 0.714285714285714 70.7142857142857 0 47.5714285714286 18.7142857142857 26.1428571428571 0 0 0 0.00289855072463768 0.00072463768115942 0 0 0 0 0 0 0 0 0 0 0.00305623471882641 0 0 0.000611246943765281 0 
2 9 690.5 818.5 499 0.00651964406982082 0.000613488457534091 0.0130270652099558 2 740136192.395452 617 738 1 0 247 0 166.5 66.5 91.5 0 0.000724112961622013 0 0 0 0 0 0 0 0 0 0 0 0 0 0.000610873549175321 0 0 0 0 
2 6 51.5555555555556 61.2222222222222 37.2962962962963 0.00287824687073981 0.00907478129973232 0.00597122846594832 6 334196419.732575 207.166666666667 248.166666666667 4.5 0.5 82.6666666666667 0 56 23.5 30.5 0 0.00574712643678161 0 0 0.0021551724137931 0 0 0 0 0 0 0.00862068965517241 0 0 0.00725952813067151 0.000604960677555959 0 0.00181488203266788 0 0 

