2 5 0.619047619047619 0.380952380952381 0.571428571428571 97310900.6153846 158130213.375 105420142.333333 9 140560189.666667 1.11111111111111 1.11111111111111 2.33333333333333 0.666666666666667 -0.666666666666667 0 0.111111111111111 -0.222222222222222 0.111111111111111 0 0.538461538461538 0 0.0769230769230769 0.384615384615385 0 0 0 0 0 0 0.0769230769230769 0 0 0.125 0.75 0 0.125 0 0 
2 6 0.923076923076923 0.884615384615385 0.730769230769231 4054621.10897436 6875226.88586957 5548428.85964912 13 108123223.358974 1.76923076923077 1.92307692307692 2 0.307692307692308 0 0 0.0769230769230769 -0.615384615384615 0.384615384615385 0 0.291666666666667 0 0.166666666666667 0 0 0 0 0 0 0 0.458333333333333 0 0 0.478260869565217 0.173913043478261 0 0 0 0 
2 6 1.07317073170732 1.07317073170732 0.780487804878049 92150.5706585081 156255.338315217 173388.526864035 13 105628072.566075 3 3.38461538461538 3.15384615384615 0.538461538461538 0.230769230769231 0 0.692307692307692 1.07692307692308 0.384615384615385 0 0.295454545454545 0 0 0.159090909090909 0 0 0 0 0 0 0.295454545454545 0 0 0.295454545454545 0 0 0.181818181818182 0 0 
2 5 3 2.88888888888889 2.11111111111111 1706.56612330571 3005.00650606187 4562.96123326408 11 124606345.23328 4.54545454545455 5 1.63636363636364 0.727272727272727 1.27272727272727 0 1 0.636363636363636 0.636363636363636 0 0.037037037037037 0 0.037037037037037 0.111111111111111 0 0 0 0 0 0 0 0 0 0 0.115384615384615 0 0.0384615384615385 0 0 
2 5 2.0625 2.25 1.40625 25.9631230803895 41.805645917526 101.532471850313 14 99260576.7309485 4.57142857142857 5.21428571428571 2.28571428571429 0.357142857142857 1.21428571428571 0 1 0.857142857142857 0.642857142857143 0 0.106060606060606 0 0.0303030303030303 0.0454545454545455 0 0 0 0 0 0 0.227272727272727 0 0 0.208333333333333 0.0277777777777778 0 0.0277777777777778 0.0138888888888889 0 
2 5 4.6875 4.9375 2.8125 0.426174974405193 0.567160074905393 2.25627715222918 9 151589145.747883 8.11111111111111 9.11111111111111 1.77777777777778 1 2.66666666666667 0 2.33333333333333 2.77777777777778 1.11111111111111 0 0 0 0.0133333333333333 0.106666666666667 0 0 0 0 0 0 0 0 0 0 0 0 0.0886075949367089 0 0 
2 5 4.25 4.45 2.5 0.0638373526400611 0.0737883154483752 0.285125543044584 10 141663088.574788 8.3 9.4 2 0.5 2.2 0 2.3 1.5 1.3 0 0.0588235294117647 0 0.0352941176470588 0.0235294117647059 0 0 0 0 0 0 0.0470588235294118 0 0 0.0449438202247191 0.0449438202247191 0 0.0112359550561798 0.0112359550561798 0 
2 6 7.33333333333333 8.16666666666667 4.41666666666667 0.0120890608254552 0.0721815134229426 0.0242476517555582 5 281340966.914958 17.6 20.2 2.4 0 5.6 0 4.8 4.2 2.6 0 0.0340909090909091 0 0 0 0 0 0 0 0 0 0.0909090909090909 0 0 0.0816326530612245 0 0 0.0102040816326531 0 0 
2 5 2.73684210526316 3.15789473684211 1.65789473684211 0.0866547025079371 0.0422681792785245 0.143242026218342 13 118952516.762689 7.92307692307692 9.23076923076923 2.92307692307692 0.461538461538462 2.38461538461538 0 2.30769230769231 3 1 0 0.0961538461538462 0 0 0.0576923076923077 0 0 0 0 0 0 0.153846153846154 0 0 0.133333333333333 0 0 0.05 0 0 
2 5 3.93333333333333 4.53333333333333 2.33333333333333 0.0431072432415927 0.0370755013182244 0.0877606003745477 14 98856733.6973349 8.35714285714286 9.71428571428571 2.14285714285714 0.857142857142857 2.92857142857143 0 2.5 2.92857142857143 1.07142857142857 0 0.0169491525423729 0 0.0169491525423729 0.0847457627118644 0 0 0 0 0 0 0.0338983050847458 0 0 0.0294117647058824 0.0514705882352941 0 0.0367647058823529 0 0 
2 7 7.75 9.125 4.75 0.0406702197035612 0.0481991472693029 0.0932600078996651 6 227316415.616223 20.5 24.1666666666667 2.66666666666667 0.333333333333333 7.16666666666667 0 5.83333333333333 6.16666666666667 2.5 0 0.032258064516129 0 0 0.0161290322580645 0 0 0 0 0 0 0.0645161290322581 0 0 0.0547945205479452 0.0136986301369863 0 0 0 0 
2 5 10.9166666666667 12.5833333333333 6.5 0.0613791619824699 0.0268092658759556 0.0652982052294829 5 298471636.723244 25.6 30 2.4 1.2 9.2 0 7.4 7.2 3.4 0 0.00763358778625954 0 0.0152671755725191 0.0305343511450382 0 0 0 0 0 0 0 0 0 0 0.0198675496688742 0 0.0132450331125828 0 0 
2 6 4.93103448275862 5.79310344827586 2.96551724137931 0.0423872668670103 0.0299214837254521 0.0472709093631335 8 195439175.840406 17.125 20.375 3.625 0.75 6 0 4.75 4.5 2.5 0 0.041958041958042 0 0.020979020979021 0.020979020979021 0 0 0 0 0 0 0.0839160839160839 0 0 0.0714285714285714 0.0238095238095238 0 0.00595238095238095 0 0 
2 5 3.55555555555556 4.35555555555556 2.22222222222222 0.0252649204179188 0.035866946345538 0.0704727090936313 16 91280059.6150253 9.625 11.625 2.8125 0.375 3.375 0 2.5625 2.9375 1.3125 0 0.06875 0 0.00625 0.03125 0 0 0 0 0 0 0.125 0 0 0.102040816326531 0.0255102040816327 0 0.0153061224489796 0 0 
2 5 3.87234042553191 4.70212765957447 2.48936170212766 0.0331058512110875 0.0182618413861789 0.0433373735819969 16 84770115.1634391 10.75 12.875 2.9375 0.8125 3.875 0 2.8125 2.625 1.5625 0 0.0494505494505494 0 0.021978021978022 0.0494505494505494 0 0 0 0 0 0 0.0494505494505494 0 0 0.0407239819004525 0.0542986425339367 0 0.0180995475113122 0 0 
2 6 7.5 9 4.96153846153846 0.0360672094933902 0.0257190676982315 0.0545995145238914 10 134981190.316344 18.2 21.8 2.6 0.8 6.8 0 4.7 4.2 2.5 0 0.0256410256410256 0 0 0.041025641025641 0 0 0 0 0 0 0.0205128205128205 0 0 0.0170940170940171 0.0299145299145299 0 0.00854700854700855 0 0 
2 5 11.7647058823529 14.4705882352941 8.05882352941176 0.015180336047467 0.0285598336085294 0.0368948869673277 5 280004596.663269 37.4 45 3.4 0.6 14.6 0 9.4 5.4 5.4 0 0.01 0 0.01 0.005 0 0 0 0 0 0 0.02 0 0 0.016260162601626 0.032520325203252 0 0 0 0 
2 5 5.61538461538461 6.82051282051282 3.87179487179487 0.0320327869225912 0.0113855632842426 0.0267344032249492 12 128753866.305272 16.75 20.1666666666667 3.25 0.666666666666667 6 0 4.08333333333333 2.33333333333333 2.58333333333333 0 0.0502283105022831 0 0.0182648401826484 0.0182648401826484 0 0 0 0 0 0 0.0547945205479452 0 0 0.0451127819548872 0.0225563909774436 0 0.0075187969924812 0 0 
2 5 22.3 27.2 15.6 0.00911225464987709 0.0257771528061921 0.0386329128411856 6 232299278.217545 34.5 41.3333333333333 1.66666666666667 0.5 13.6666666666667 0 8.16666666666667 3.83333333333333 5.33333333333333 0 0.00448430493273543 0 0.00448430493273543 0.00896860986547085 0 0 0 0 0 0 0 0 0 0 0.0220588235294118 0 0 0 0 
2 5 10.5909090909091 12.9090909090909 7.45454545454545 0.0343738723375531 0.0141752716648105 0.0307233714197633 9 166371232.135283 24.1111111111111 28.8888888888889 2.44444444444444 0.333333333333333 9 0 5.77777777777778 3.33333333333333 3.55555555555556 0 0.0300429184549356 0 0 0.0128755364806867 0 0 0 0 0 0 0.0343347639484979 0 0 0.028169014084507 0.00352112676056338 0 0.0105633802816901 0 0 
2 7 4.52631578947368 5.54385964912281 3.12280701754386 0.0156371080323161 0.025361314150838 0.0226445133225829 18 79522947.0630713 13.1666666666667 15.8888888888889 3.16666666666667 0.833333333333333 4.88888888888889 0 3.16666666666667 1.55555555555556 2.16666666666667 0 0.0387596899224806 0 0.0271317829457364 0.0310077519379845 0 0 0 0 0 0 0.062015503875969 0 0 0.0506329113924051 0.0348101265822785 0 0.0158227848101266 0 0 
2 5 7.12820512820513 8.58974358974359 4.84615384615385 0.0288332270073105 0.0120160039228383 0.0424478545678443 13 103428059.235621 19.3076923076923 23.3076923076923 3 0.846153846153846 7.23076923076923 0 4.69230769230769 2.38461538461538 3.30769230769231 0 0.0323741007194245 0 0.0143884892086331 0.0251798561151079 0 0 0 0 0 0 0.0323741007194245 0 0 0.026865671641791 0.017910447761194 0 0.0119402985074627 0 0 
