1 5 0.642857142857143 0.357142857142857 0.63265306122449 20079936.6984127 36143886.0285714 20403806.6451613 61 20738295.2786885 1.01639344262295 0.147540983606557 1.60655737704918 0.0491803278688525 -0.934426229508197 0 0.0163934426229508 0.0491803278688525 0 0
 0.952380952380952 0 0 0.0476190476190476 0 0 0 0 0 0 0.507936507936508 0 0 0.914285714285714 0.0571428571428571 0 0.0285714285714286 0 0 

1 5 0.481152993348115 0.736141906873614 0.478935698447894 92534.2889327774 108867.144664372 94462.0863201912 163 7888185.95876496 1.38650306748466 0.730061349693252 2.76687116564417 0.0429447852760736 -0.374233128834356 0 0.858895705521472 0.588957055214724 0.0122699386503067 0
 0.67741935483871 0 0.00921658986175115 0.0230414746543779 0 0 0 0 0 0 0.686635944700461 0 0 0.448795180722892 0.0271084337349398 0 0.0632530120481928 0.355421686746988 0 

1 5 1.70833333333333 3.10416666666667 1.54861111111111 376.175971271453 243.561844886738 423.619221166776 85 14975578.9171619 3.65882352941176 2.4 1.69411764705882 0.317647058823529 1.01176470588235 0 2.90588235294118 2.28235294117647 0.0235294117647059 0
 0.00813008130081301 0 0 0.109756097560976 0 0 0 0 0 0 0.0121951219512195 0 0 0.00671140939597315 0.0111856823266219 0 0.172259507829978 0.0671140939597315 0 

1 5 1.67701863354037 3.62732919254658 1.45962732919255 1.41546656026464 0.423907268641674 1.82816689858203 83 15421826.5773152 4.74698795180723 3.40963855421687 1.93975903614458 0.168674698795181 1.08433734939759 0 4.39759036144578 3.42168674698795 0.0240963855421687 0
 0.037037037037037 0 0 0.0518518518518519 0 0 0 0 0 0 0.062962962962963 0 0 0.0291095890410959 0.00342465753424658 0 0.159246575342466 0.0428082191780822 0 

1 5 2.83838383838384 6.78787878787879 2.42424242424242 0.0192721229902656 0.00955938581643106 0.0242840287440918 64 20007154.0246455 7.15625 5.46875 1.546875 0.09375 1.578125 0 6.84375 5.03125 0.078125 0
 0.0177935943060498 0 0.0106761565836299 0.0106761565836299 0 0 0 0 0 0 0.0427046263345196 0 0 0.0178571428571429 0.00446428571428571 0 0.0729166666666667 0.0357142857142857 0 

1 5 3.51190476190476 8.83333333333333 2.88095238095238 0.0136246512643738 0.00675142774368791 0.00423257863117393 53 24246097.9061254 9.64150943396226 7.60377358490566 1.58490566037736 0.226415094339623 2.0377358490566 0 9.45283018867925 7.39622641509434 0.150943396226415 0
 0.00677966101694915 0 0.0101694915254237 0.0305084745762712 0 0 0 0 0 0 0.0203389830508475 0 0 0.00808625336927224 0.00134770889487871 0 0.0822102425876011 0.00269541778975741 0 

