2 5 0.272727272727273 0.727272727272727 0.727272727272727 421680889.666667 158130334 158130334 5 253008533.8 1 1 2.2 0.4 -0.2 0 0.2 -1 0 0
 0.333333333333333 0 0 0.666666666666667 0 0 0 0 0 0 0 0 0 0 0.875 0 0 0.125 0 

2 5 0.613636363636364 0.636363636363636 0.681818181818182 15617811.0246914 5647512.07142857 5271011.3 15 101203414.053333 1.53333333333333 1.6 2.93333333333333 0.266666666666667 -0.733333333333333 0 0.333333333333333 0.0666666666666667 0 0
 0.740740740740741 0 0 0.148148148148148 0 0 0 0 0 0 0.518518518518518 0 0 0.5 0.0714285714285714 0 0.107142857142857 0.0357142857142857 0 

2 5 1.56 1.64 1.48 400456.821145932 137744.318815331 142459.9 14 97589006.7895238 2.64285714285714 2.78571428571429 1.78571428571429 0.5 0.428571428571429 0 0.857142857142857 0.714285714285714 0 0
 0.128205128205128 0 0 0.179487179487179 0 0 0 0 0 0 0.102564102564103 0 0 0.0975609756097561 0.0487804878048781 0 0.146341463414634 0.024390243902439 0 

2 5 0.463806970509383 0.750670241286863 0.412868632707775 2314.80821471637 491.968995769039 925.103246753247 111 12275961.205311 1.34234234234234 1.89189189189189 3.36036036036036 0.261261261261261 0.0990990990990991 0 0.189189189189189 0.918918918918919 0.0900900900900901 0
 0.606936416184971 0 0.0578034682080925 0.109826589595376 0 0 0 0 0 0 1.20231213872832 0 0 0.742857142857143 0.0785714285714286 0 0.0321428571428571 0 0 

2 5 1.32850241545894 1.85990338164251 0.85024154589372 8.43566623533226 1.29082856043906 5.27331390200708 87 14681823.6115553 2.72413793103448 3.45977011494253 2.37931034482759 1.06896551724138 1.31034482758621 0 0.954022988505747 2.13793103448276 0.32183908045977 0
 0.0327272727272727 0 0.0654545454545455 0.272727272727273 0 0 0 0 0 0 0.0436363636363636 0 0 0.0311688311688312 0.0805194805194805 0 0.161038961038961 0 0 

2 6 9.63333333333333 13.3666666666667 6 0.0361095717485545 0.0181816173577034 0.0459628550111505 15 85314968.1741037 16.8 21.1333333333333 2 0.8 8.2 0 6.2 10.0666666666667 1.86666666666667 0
 0.0069204152249135 0 0 0.041522491349481 0 0 0 0 0 0 0.013840830449827 0 0 0.00997506234413965 0.00498753117206983 0 0.0249376558603491 0 0 

2 5 9.21212121212121 12.6969696969697 5.6969696969697 0.0330135183281202 0.00720329741612817 0.053435972633038 13 103873667.090316 20.4615384615385 25.6923076923077 2.53846153846154 0.538461538461538 9.53846153846154 0 7.61538461538461 12.0769230769231 2.15384615384615 0
 0.0263157894736842 0 0 0.0230263157894737 0 0 0 0 0 0 0.0394736842105263 0 0 0.0286396181384248 0 0 0.0143198090692124 0 0 

2 6 15.65 21.5 9.65 0.0128850272151058 0.0186214030172468 0.0210022589255598 10 136891637.709032 27.6 34.5 2 0.6 13.1 0 10.4 15.9 2.8 0
 0.00958466453674121 0 0 0.0191693290734824 0 0 0 0 0 0 0.012779552715655 0 0 0.00930232558139535 0.00465116279069767 0 0.00697674418604651 0.00465116279069767 0 

2 5 16.05 22.1 9.95 0.0187317290567449 0.0113543470656499 0.0302562927584199 7 200276336.10129 40.4285714285714 50.7142857142857 2.85714285714286 0.571428571428571 19.1428571428571 0 15.1428571428571 23 4 0
 0.0124610591900312 0 0 0.0124610591900312 0 0 0 0 0 0 0.0249221183800623 0 0 0.0180995475113122 0.00452488687782805 0 0.00452488687782805 0 0 

2 5 64.8 88.8 40 0.0185763324970887 2.55728537514637e-05 0.0301512814637921 3 488439685.367097 95.3333333333333 119.333333333333 1.66666666666667 0.666666666666667 45.6666666666667 0 36 53.6666666666667 9.33333333333333 0
 0.00308641975308642 0 0 0.00617283950617284 0 0 0 0 0 0 0 0 0 0 0 0 0.0045045045045045 0 0 

2 5 13.9583333333333 19.0416666666667 8.66666666666667 0.01199575024626 0.0218818940325027 0.0193757273147298 8 219185301.170887 36.875 46.25 3 0.375 16.875 0 14 21.125 3.5 0
 0.0238805970149254 0 0 0.00895522388059702 0 0 0 0 0 0 0.026865671641791 0 0 0.0196936542669584 0 0 0.0087527352297593 0 0 

2 5 15.1739130434783 20.2608695652174 9.21739130434783 0.0143610193416798 0.0107765705880526 0.0236763006005412 10 148422803.117089 30.6 38.3 2.3 1 14 0.5 11.7 17 2.8 0
 0.0114613180515759 0 0 0.0143266475644699 0.0143266475644699 0 0 0 0 0 0.00286532951289398 0 0 0.00214592274678112 0.00643776824034335 0 0.0107296137339056 0 0 

2 5 25.7142857142857 33.5 15.5 0.0167065583870602 0.00855176241063551 0.0277588769612928 8 176683192.264636 39.25 48.875 1.75 0.75 17.375 0.25 14.75 20.5 3.75 0
 0.0138888888888889 0 0.00555555555555556 0.00555555555555556 0.00555555555555556 0 0 0 0 0 0 0 0 0 0.00426439232409382 0 0.00213219616204691 0 0 

2 5 14.8 19.36 9.04 0.00815326096861368 0.0124143631454765 0.022246720694519 9 160191770.029404 36 45 2.77777777777778 0.222222222222222 15.8888888888889 0.111111111111111 13.3333333333333 18.8888888888889 3.33333333333333 0
 0.0216216216216216 0 0 0.0027027027027027 0.0027027027027027 0 0 0 0 0 0.0324324324324324 0 0 0.0247933884297521 0.00206611570247934 0 0.00206611570247934 0.00206611570247934 0 

2 5 31.25 40.9166666666667 19 0.0186884086959163 0.00613526346872806 0.022027397897783 6 237539085.838234 55 68.5 2 0.666666666666667 25 0 20.5 28.5 5 0
 0.00266666666666667 0 0 0.0106666666666667 0 0 0 0 0 0 0 0 0 0 0.00814663951120163 0 0.00407331975560081 0.00203665987780041 0 

2 5 21.3333333333333 27.7777777777778 13 0.0130695010643123 0.0160122705269375 0.0214616555465717 6 250430305.806372 56.1666666666667 70 3 0.5 24.6666666666667 0 21.1666666666667 29.1666666666667 5 0
 0.015625 0 0 0.0078125 0 0 0 0 0 0 0.0130208333333333 0 0 0.01 0 0 0.008 0 0 

2 6 43.4444444444444 55.7777777777778 26.4444444444444 0.0179362391331568 0.00600799257077079 0.0295019397291873 6 252578843.801062 57.1666666666667 71 1.5 0.5 25 0 21.5 29.3333333333333 5 0
 0.010230179028133 0 0 0.00767263427109974 0 0 0 0 0 0 0 0 0 0 0 0 0.00199203187250996 0.00199203187250996 0 

2 5 17.5652173913043 22.2608695652174 10.695652173913 0.0124206342552801 0.0136836093604898 0.0204451298362975 7 216803086.400152 50.2857142857143 62.4285714285714 3.28571428571429 0.714285714285714 21.4285714285714 0 19.1428571428571 26 4.28571428571429 0
 0.0198019801980198 0 0 0.0123762376237624 0 0 0 0 0 0 0.0123762376237624 0 0 0.009765625 0 0 0.0078125 0.001953125 0 

2 6 41 51.6 25.2 0.0171034649615982 0.0116544255995358 0.0278589092453821 4 370461463.350038 89 110.5 2.5 0 38.5 0 33.5 44.75 7.5 0
 0.0146341463414634 0 0 0 0 0 0 0 0 0 0.00975609756097561 0 0 0.00775193798449612 0 0 0 0 0 

2 6 29.7142857142857 37.4285714285714 18.4285714285714 0.00965649871385 0.0152894168427472 0.0233637942218813 4 408876059.08751 90.25 112.25 3.5 0.75 40 0 33.75 45.25 7.5 0
 0.00721153846153846 0 0 0.00721153846153846 0 0 0 0 0 0 0.00961538461538462 0 0 0.00763358778625954 0.00572519083969466 0 0.00190839694656489 0 0 

2 6 17.9583333333333 22.2083333333333 11.2083333333333 0.0185838897881992 0.0056572034087106 0.0223916869673676 10 167391884.008751 37.2 46.1 2.4 0.5 15.6 0 13.6 17.8 3.2 0
 0.0232018561484919 0 0.00464037122969838 0.00696055684454756 0 0 0 0 0 0 0.0116009280742459 0 0 0.00938086303939963 0.00562851782363977 0 0.00187617260787992 0 0 

