2 5 0.272727272727273 0.727272727272727 0.727272727272727 421680889.666667 158130334 158130334 5 253008533.8 1 1 2.2 0.4 -0.2 0 0.2 -1 0 0
 0.333333333333333 0 0 0.666666666666667 0 0 0 0 0 0 0 0 0 0 0.875 0 0 0.125 0 

2 5 0.613636363636364 0.636363636363636 0.681818181818182 15617811.0246914 5647512.07142857 5271011.3 15 101203414.053333 1.53333333333333 1.6 2.93333333333333 0.266666666666667 -0.733333333333333 0 0.333333333333333 0.0666666666666667 0 0
 0.740740740740741 0 0 0.148148148148148 0 0 0 0 0 0 0.518518518518518 0 0 0.5 0.0714285714285714 0 0.107142857142857 0.0357142857142857 0 

2 5 1.56 1.64 1.48 400456.821145932 137744.318815331 142459.9 14 97589006.7895238 2.64285714285714 2.78571428571429 1.78571428571429 0.5 0.428571428571429 0 0.857142857142857 0.714285714285714 0 0
 0.128205128205128 0 0 0.179487179487179 0 0 0 0 0 0 0.102564102564103 0 0 0.0975609756097561 0.0487804878048781 0 0.146341463414634 0.024390243902439 0 

2 5 0.463806970509383 0.750670241286863 0.412868632707775 2314.80821471637 491.968995769039 925.103246753247 111 12275961.205311 1.34234234234234 1.89189189189189 3.36036036036036 0.261261261261261 0.0990990990990991 0 0.189189189189189 0.918918918918919 0.0900900900900901 0
 0.606936416184971 0 0.0578034682080925 0.109826589595376 0 0 0 0 0 0 1.20231213872832 0 0 0.742857142857143 0.0785714285714286 0 0.0321428571428571 0 0 

