0 5 0.406855439642325 0.593144560357675 0.387481371087928 4633841.50915751 3178489.27889447 4865533.58461538 212 5967163.83018868 1.11792452830189 1.13207547169811 3.16509433962264 0.311320754716981 -0.212264150943396 0 0.259433962264151 0.839622641509434 0 0
 0.758241758241758 0 0 0.241758241758242 0 0 0 0 0 0 1.06227106227106 0 0 0.728643216080402 0.133165829145729 0 0.138190954773869 0 0 

0 5 0.80952380952381 0.933554817275748 0.723145071982281 6339.05268010603 3770.45466061029 7451.05602544469 325 3910787.38716981 1.84307692307692 1.76 2.77846153846154 0.427692307692308 -0.0153846153846154 0 0.584615384615385 1.06153846153846 0 0
 0.436388508891929 0 0 0.19015047879617 0 0 0 0 0 0 0.322845417236662 0 0 0.279952550415184 0.0877817319098458 0 0.154211150652432 0.00593119810201661 0 

0 5 1.33188720173536 1.37527114967462 1.06182212581345 5.16616667761078 2.9774879026895 7.61599185438682 347 3656915.07316187 2.81556195965418 2.7521613832853 2.65706051873199 0.579250720461095 0.452449567723343 0.0115273775216138 1.13256484149856 1.62824207492795 0 0
 0.241042345276873 0 0 0.16042345276873 0.00325732899022801 0 0 0 0 0 0.153094462540717 0 0 0.148264984227129 0.026813880126183 0 0.108044164037855 0.0488958990536278 0.00315457413249211 

0 5 1.83473684210526 1.79263157894737 1.35368421052632 0.00583256837499184 0.00468437340146183 0.00903265307495087 328 3867974.57949135 4.13109756097561 4.13109756097561 2.89634146341463 0.701219512195122 0.923780487804878 0.00304878048780488 1.88109756097561 2.04878048780488 0.0182926829268293 0
 0.163511187607573 0.0114744693057946 0.00344234079173838 0.116465863453815 0.00057372346528973 0 0 0 0 0 0.0998278829604131 0 0 0.102172636523782 0.0217263652378156 0 0.0769230769230769 0.0540223135642983 0.000587199060481503 

0 5 2.39517819706499 2.21698113207547 1.69182389937107 0.00219073635377461 0.00236628102761298 0.00372306855828683 347 3656791.7221311 5.02305475504323 5.0806916426513 2.7492795389049 0.685878962536023 1.20172910662824 0 2.47262247838617 2.2536023054755 0.0345821325648415 0
 0.133041575492341 0.0144420131291028 0.00262582056892779 0.087089715536105 0 0 0 0 0 0 0.0586433260393873 0 0 0.0633569739952719 0.0174940898345154 0 0.0907801418439716 0.0231678486997636 0 

0 5 3.75068493150685 3.27671232876712 2.5958904109589 0.00182695059764564 0.00209129025126572 0.00264048710741862 279 4547295.87355603 7.3010752688172 7.45161290322581 2.61648745519713 0.702508960573477 1.97849462365591 0 3.68458781362007 2.60931899641577 0.136200716845878 0
 0.0938641344046749 0.0109569028487947 0.00949598246895544 0.0511322132943755 0 0 0 0 0 0 0.0241051862673484 0 0 0.0275919732441472 0.0171404682274247 0 0.0468227424749164 0.024247491638796 0 
