0 5 4.2007874015748 3.53149606299213 2.87270341207349 0.00156258261499458 0.00185882247872585 0.00182852466290883 299 4246107.21696842 7.87625418060201 8.11371237458194 2.54849498327759 0.588628762541806 1.9933110367893 0 4.03010033444816 2.65217391304348 0.137123745819398 0
 0.0896594814120587 0.00499843798812871 0.000937207122774133 0.049047172758513 0 0 0 0 0 0 0.0253045923149016 0 0 0.0301003344481605 0.0152359717577109 0 0.0260126347082869 0.0397621701969528 0 

0 5 4.30208333333333 3.51736111111111 2.90509259259259 0.00107655705746973 0.0019749453183543 0.0019927603683916 307 4134478.41764485 8.82084690553746 9.03257328990228 2.814332247557 0.677524429967427 2.2214983713355 0.0162866449511401 4.60912052117264 2.9413680781759 0.136807817589577 0
 0.0828625235404896 0.000269034167339252 0.000269034167339252 0.0540758676351897 0.00134517083669626 0 0 0 0 0 0.032015065913371 0 0 0.0391576176373807 0.00625205659756499 0 0.0309312273774268 0.0368542283645936 0.00131622244159263 

0 5 5.6844262295082 4.54508196721311 3.80327868852459 0.00144221979261174 0.00120287795170374 0.00179669280185646 247 5138353.24055727 12.1255060728745 12.4534412955466 2.96356275303644 0.720647773279352 3.26315789473684 0 6.42914979757085 3.76113360323887 0.174089068825911 0
 0.0639269406392694 0 0.000240326844508532 0.0425378514780101 0 0 0 0 0 0 0.0252343186733958 0 0 0.0315599639314698 0.00300571085061617 0 0.0231439735497445 0.0285542530808536 0.000300571085061617 

0 5 6.39750692520776 4.97368421052632 4.23545706371191 0.00108279762281719 0.00139270478361228 0.00196265424879067 251 5060466.65832891 13.0358565737052 13.4103585657371 2.87649402390438 0.749003984063745 3.51792828685259 0 7.0796812749004 3.92430278884462 0.179282868525896 0
 0.0584542108681533 0 0.000432994154578913 0.0402684563758389 0 0 0 0 0 0 0.0149382983329725 0 0 0.0192147034252297 0.00167084377610693 0 0.0264550264550265 0.026176552492342 0 

0 5 7.75076923076923 5.88 5.10923076923077 0.000992672250421361 0.00130857998555301 0.00120504747192074 241 5270121.36372751 14.6390041493776 15.1410788381743 2.69709543568465 0.717842323651452 4.07053941908714 0 8.09958506224066 4.02904564315353 0.203319502074689 0
 0.0488289003572846 0 0.000793965859468043 0.0335450575625248 0 0 0 0 0 0 0.00774116712981342 0 0 0.0102040816326531 0.00444793301936159 0 0.02145473574045 0.0243328100470958 0 

0 5 7.55281207133059 5.60082304526749 4.97942386831276 0.000908280543452674 0.00122491025716031 0.001653224530984 252 5040908.36652273 15.0595238095238 15.6230158730159 2.89285714285714 0.694444444444444 4.04761904761905 0.00793650793650794 8.37301587301587 3.8531746031746 0.253968253968254 0
 0.053214674900109 0 0.00272430076280421 0.028695968034871 0.000363240101707228 0 0 0 0 0 0.0145296040682891 0 0 0.0195934361988734 0.0056331129071761 0 0.0156747489590987 0.0227773695811903 0.000244917952485917 

0 5 9.75993377483444 7.1158940397351 6.43543046357616 0.000848330497123571 0.0011636167776308 0.00102949658464908 222 5721079.73138073 18.1261261261261 18.8693693693694 2.72072072072072 0.621621621621622 5.07207207207207 0.0225225225225225 10.1306306306306 4.3963963963964 0.310810810810811 0
 0.0425784563189143 0 0.000848176420695505 0.0217133163698049 0.000848176420695505 0 0 0 0 0 0.0111959287531807 0 0 0.0153559795253606 0.00232666356444858 0 0.0120986505351326 0.0200093066542578 0.000232666356444858 

0 5 8.85076708507671 6.36541143654114 5.82147838214784 0.000788031567995134 0.00109578519210728 0.0014377166977922 272 4671911.3151889 15.8492647058824 16.5183823529412 2.63602941176471 0.632352941176471 4.3125 0.00367647058823529 8.90808823529412 3.88235294117647 0.264705882352941 0
 0.0439647021745982 0 0.000472738733060195 0.0264733690513709 0.000157579577686732 0 0 0 0 0 0.0119760479041916 0 0 0.0166520595968449 0.0035056967572305 0 0.0151183172655565 0.0225679228746713 0.000438212094653812 

0 5 12.0645161290323 8.48745519713262 8.03046594982079 0.000742838388527629 0.00105597461680577 0.00111614320836817 231 5496583.17452463 19.7186147186147 20.3636363636364 2.41558441558442 0.406926406926407 5.22510822510823 0.0173160173160173 10.9134199134199 4.29004329004329 0.32034632034632 0
 0.0433749257278669 0 0.00029708853238265 0.0130718954248366 0.0005941770647653 0 0 0 0 0 0.00802139037433155 0 0 0.011402027027027 0.00422297297297297 0 0.00844594594594595 0.0116131756756757 0.000633445945945946 

0 5 12.0710743801653 7.88429752066116 8.31404958677686 0.000684751860658432 0.00104843940767648 0.000994257682546395 258 4924555.77974622 18.6550387596899 18.6627906976744 2.34496124031008 0.108527131782946 3.71317829457364 0 9.86821705426357 3.58527131782946 0.286821705426357 0
 0.0743530056141312 0.00369711077639326 0 0.000136930028755306 0 0 0 0 0 0 0.000410790086265918 0 0 0.000628930817610063 0.00125786163522013 0 0.00482180293501048 0.000419287211740042 0 

0 5 11.0775623268698 6.64404432132964 7.84487534626039 0.000625241904458697 0.00104253667696637 0.000882943901427003 390 3256316.33020448 13.3410256410256 12.7025641025641 1.85128205128205 0.161538461538462 2.22820512820513 0 6.59230769230769 2.42564102564103 0.18974358974359 0
 0.0790197549387347 0.00787696924231058 0 0 0 0 0 0 0 0 0 0 0 0 0.000416927246195539 0 0.00500312695434647 0.000208463623097769 0 

0 5 9.63271939328277 5.2296858071506 6.96533044420368 0.000449963473389322 0.00124322405980463 0.000777863267055752 514 2467500.25939729 11.1225680933852 9.95525291828794 1.79571984435798 0.254863813229572 1.43774319066148 0 5.05447470817121 1.87937743190661 0.151750972762646 0
 0.0857046451467776 0.0142841075244629 0.000449893150376785 0 0 0 0 0 0 0 0 0 0 0 0.000621504039776259 0 0.00559353635798633 0 0 

0 5 9.26654240447344 4.51817334575955 6.9161230195713 0.000603484860049622 0.00082533894885722 0.00067386846291161 649 1953014.36557688 9.80893682588598 8.14175654853621 1.65331278890601 0.0970724191063174 0.788906009244992 0 4.03081664098613 1.51617873651772 0.121725731895223 0
 0.099466961681585 0.00623554259277884 0.000100573267625465 0 0 0 0 0 0 0 0 0 0 0 0.000618811881188119 0 0.00371287128712871 0 0 

0 5 9.02429149797571 3.95222672064777 6.93279352226721 0.000448685821880668 0.00102454934213253 0.000584054411172963 773 1639058.00952856 9.23544631306598 7.05692108667529 1.59767141009056 0.0815006468305304 0.47477360931436 0 3.41138421733506 1.30012936610608 0.107373868046572 0
 0.102198295199641 0.00529385374607447 0.000358905338716913 0 0 0 0 0 0 0 0.000897263346792284 0 0 0.00204876049989756 0.000409752099979512 0 0.00430239704978488 0 0 

0 5 8.99208063354932 3.54571634269258 7.09071274298056 0.000400356179809598 0.00101543645671921 0.000507725053752784 906 1398099.21634606 8.87858719646799 6.21633554083885 1.53311258278146 0.0695364238410596 0.249448123620309 0 2.94812362030905 1.14348785871965 0.0949227373068433 0
 0.102642113690953 0.00480384307445957 0.000240192153722978 0 0 0 0 0 0 0 0.000320256204963971 0 0 0.000812182741116751 0.00121827411167513 0 0.00690355329949239 0 0 

0 5 9.32620320855615 3.31483957219251 7.51871657754011 0.000358400254886741 0.00100847256230222 0.000444568609979886 1018 1244044.14166635 8.9007858546169 5.70726915520629 1.46954813359528 0.0658153241650295 0.111001964636542 0 2.65225933202358 1.04223968565815 0.087426326129666 0
 0.0999856651376147 0.00451548165137615 0.000215022935779817 7.16743119266055e-05 0 0 0 0 0 0 0 0 0 0 0.0010082677959266 0 0.00584795321637427 0 0 

0 5 10.4085077650236 3.36056718433491 8.5388251181634 0.000324382640301971 0.00100482388438061 0.000395417093832831 1005 1259982.97128524 10.0149253731343 5.94726368159204 1.47363184079602 0.0666666666666667 0.111442786069652 0 2.70248756218905 1.06965174129353 0.090547263681592 0
 0.0905611417450535 0.0042166720726565 0.000129743756081739 0 0 0 0 0 0 0 0 0 0 0 0.000401848503114326 0 0.00321478802491461 0 0 

0 5 11.4839809134288 3.41649625085208 9.57191547375596 0.000296808000394153 0.000997806229825295 0.000356102792842461 999 1267566.39636765 11.0740740740741 6.13013013013013 1.46846846846847 0.039039039039039 0.125125125125125 0 2.72972972972973 1.08908908908909 0.0970970970970971 0
 0.0826853445717338 0.00195880572208702 0.000356146494924912 0 0 0 0 0 0 0 0.00118715498308304 0 0 0.00399042298483639 0.000798084596967279 0 0.00219473264166002 0 0 

0 5 12.5270733379027 3.45510623714873 10.6004112405757 0.000273584111615713 0.000992064631269555 0.000323312821853927 971 1304126.07455857 12.3923789907312 6.42945417095778 1.50257466529351 0.00926879505664264 0.0998970133882595 0 2.83419155509784 1.14315139031926 0.105046343975283 0
 0.0777479892761394 0.000218854297751272 0.00027356787218909 0 0 0 0 0 0 0 0 0 0 0 0.000793493354493156 0 0.00495933346558223 0 0 

0 5 14.2741818181818 3.68436363636364 12.2276363636364 0.000254765047338443 0.00098716779799275 0.000297408155166945 944 1341465.02444339 13.7457627118644 6.73940677966102 1.45656779661017 0.00635593220338983 0.184322033898305 0 2.9385593220339 1.19703389830508 0.11228813559322 0
 0.0684770978753758 0.000101900443266928 0.000203800886533856 0 0 0 0 0 0 0 0 0 0 0 0.000592183181997631 0 0.00434267666798263 0 0 

0 5 15.0905823148814 3.66139468008627 13.0690150970525 0.00023820945953253 0.000981933470999017 0.000275058991592231 926 1367581.34667866 15.0107991360691 6.99892008639309 1.50215982721382 0.00431965442764579 0.173866090712743 0 3.01079913606911 1.23326133909287 0.116630669546436 0
 0.0647896717640894 9.52789290648373e-05 9.52789290648373e-05 0 0 0 0 0 0 0 0.000285836787194512 0 0 0.00117808757117612 0.00137443549970548 0 0.00274887099941096 0 0 

0 5 16.0229226361032 3.66189111747851 13.9856733524355 0.000223544269020902 0.000978282850835485 0.000256109150737123 917 1381032.11379136 16.154852780807 7.20174482006543 1.52235550708833 0.0403489640130862 0.197382769901854 0 3.05561613958561 1.24754634678299 0.127589967284624 0
 0.0599070100143062 0.00125178826895565 0.000402360515021459 0 0 0 0 0 0 0 0 0 0 0 0.000978090766823161 0 0.00273865414710485 0 0 

0 5 16.854609929078 3.63475177304965 14.790780141844 0.000210402842174165 0.000975800640556261 0.000239762939781862 932 1358819.64068003 16.8916309012876 7.24141630901288 1.51287553648069 0.0751072961373391 0.208154506437768 0 3.01609442060086 1.23605150214592 0.131974248927039 0
 0.0558384178413633 0.00269303597727751 0.000252472122869766 0 0 0 0 0 0 0 0 0 0 0 0.000780487804878049 0 0.00175609756097561 0 0 

0 5 16.8657314629259 3.43286573146293 14.8283233132933 0.000198043821405346 0.000973141817598863 0.000225256318719695 963 1315054.72132989 17.3468328141225 7.17964693665628 1.55451713395639 0.148494288681205 0.187954309449637 0 2.93042575285566 1.20249221183801 0.136033229491173 0
 0.0530735107731305 0.00534695817490494 0.000316856780735108 0 0 0 0 0 0 0 0 0 0 0 0.000583771161704612 0 0.00214049425958358 0 0 

